4475 11185863 -0.253784 -3.116210
4648 11619998 -0.166778 -2.153808
29979 74945442 -1.307128 -1.273925
4087 10217406 1.3657226 0.7883300
7902 19753960 -1.654052 1.4101562
11814 29534036 0.6253662 1.0493164
8079 20196316 -1.563232 -2.154296
3585 8962038 -1.267822 -1.955078
12626 31564406 -0.095031 0.0906829
7822 19553384 -0.463500 1.8996582
29162 72904039 2.4868164 -0.326599
9762 24403149 -1.620849 -2.491210
5859 14645132 -1.320800 -0.180023
24801 62000827 -1.050048 2.9111328
1375 3437139 -0.501831 -1.858642
8300 20748992 -0.009805 -0.998779
3836 9588435 0.1831359 -2.434570
23831 59576360 -1.030517 0.4143676
4801 12001735 2.0864257 -2.516113
2041 5100928 -1.951904 -0.298767
3412 8528936 1.6677246 2.9794921
7570 18922793 1.1713867 -0.055992
29023 72555661 -0.787231 0.8468017
26963 67405358 0.0480575 1.7407226
3650 9123691 -0.777343 0.8408203
5484 13709661 2.2084960 1.2646484
18715 46785207 0.5427246 2.4052734
27810 69523674 0.8740234 -2.981445
18007 45016099 -1.194824 0.4180297
19298 48244866 1.4409179 -2.372558
4607 11516971 -0.014123 2.5048828
8713 21781589 1.0073242 -2.890136
28638 71594117 1.6350097 0.1096038
16931 42325930 -1.638916 -1.000976
10559 26397364 0.6363525 -2.742187
28651 71627361 0.1917724 -2.050292
28471 71175376 -0.806152 -0.234191
360 898031 -1.053710 -2.847656
21762 54403028 -0.462768 0.0635528
19579 48945818 0.9665527 -0.565429
16573 41430525 -1.393310 2.9511718
4540 11348665 -0.538818 -1.683837
19137 47840265 -1.582519 -0.662841
9244 23107835 1.8161621 2.9335937
18152 45379313 -0.949218 -2.443847
20363 50906271 -1.238525 0.3110961
19679 49195777 -1.399414 -3.004394
23600 58999628 -0.680541 -2.344726
24813 62030422 -1.679443 2.2329101
29875 74687397 1.6420898 -1.854980
29413 73530708 -1.753173 -1.940429
29177 72941704 1.2075195 -0.106582
8646 21613255 -1.410644 2.8940429
15581 38950384 -0.839965 -0.953857
29110 72774514 0.7546386 -2.910644
259 646032 1.1809082 -0.774169
11870 29674799 -0.670166 0.7100830
22221 55551679 1.7402343 -1.928955
9517 23792439 0.0265579 0.5086669
17853 44631257 -1.041748 1.6662597
18758 46894615 0.5643310 -2.386718
25188 62969994 -0.288208 -0.645385
1817 4541855 0.2362365 0.4581909
18048 45118975 -1.748046 -2.452148
3383 8456790 -1.069580 -1.229980
4327 10816668 -1.361572 -1.032226
2402 6004241 -0.397033 0.5887451
8056 20137854 -1.084960 -2.364257
8232 20579339 -0.257202 -0.733154
7783 19455845 1.6318359 2.328125
24219 60545942 0.0958709 -2.293945
25009 62521297 -1.155029 -1.306640
20768 51918677 1.6208496 0.2156677
16781 41950786 0.1520385 0.4299316
24326 60812932 -0.345520 2.3706054
9560 23898384 0.6652832 -0.818359
26870 67174328 0.3009033 0.2742919
11475 28685963 -0.346557 -1.042236
25038 62593255 -1.108154 -0.667846
8601 21500463 2.4409179 0.5871582
3271 8177349 -1.695556 -1.248046
29444 73608236 -2.022949 1.1142578
22239 55596708 1.1149902 0.0825347
14352 35878422 0.7813720 2.4702148
12271 30676888 1.8051757 1.5026855
21204 53007636 0.6833496 -1.605468
29304 73259893 0.4605712 3.125
13562 33904747 2.2709960 -1.368164
13565 33912359 -2.167480 0.5732421
25980 64948659 1.8793945 0.9044189
8988 22467540 -0.130218 -2.898925
1937 4842014 0.3459472 -0.094314
28867 72166239 0.8315429 2.4384765
15863 39655701 0.1612243 -2.928710
4279 10695881 -0.744750 2.4516601
4433 11082072 1.6086425 -1.963623
7169 17921647 2.4335937 -1.717041
12649 31620592 -0.619262 0.7465820
5773 14430049 -0.686889 3.0566406
11470 28673882 0.8807373 -2.483398
10495 26235620 0.5098876 0.9753417
14895 37236137 1.4160156 -2.930175
10900 27247599 1.6933593 2.8349609
22615 56536902 0.2830810 0.1518554
20887 52216420 2.0556640 -2.069824
20888 52218117 -1.751708 -0.855590
21462 53652692 0.3772583 -1.501953
26499 66245615 -0.565917 -0.392822
21105 52762481 0.4291381 0.1286621
13499 33746248 -2.172363 -1.084228
8411 21025100 0.4096679 -2.790039
4900 12249655 -0.933959 -0.011442
26371 65925547 -0.761840 1.546875
25646 64114434 -1.047363 -2.84375
7725 19311248 -2.005371 -2.945800
24513 61281392 -0.296447 0.7006835
15277 38190308 1.0407714 -0.779785
10975 27435619 -1.357910 2.2158203
10596 26488971 0.1779174 1.3471679
22020 55049987 -0.649780 -0.900024
22255 55637020 0.8537597 -0.276184
21564 53908624 -1.995849 0.4765014
21716 54288806 0.9467773 2.3764648
11449 28621866 -2.313964 2.0898437
11586 28964840 0.2829589 3.0117187
511 1276050 -0.531372 0.9155273
9873 24681338 -0.606201 -0.848876
29059 72645920 -0.400390 0.5047607
4064 10157654 2.1596679 -1.239746
29659 74145478 -0.179809 -2.453125
26310 65773112 -0.015846 0.3501586
11719 29296783 -1.233398 -3.058593
5247 13115902 -1.053466 2.2314453
14502 36252781 0.4266967 -2.808105
17038 42592919 0.3055419 -2.973632
28821 72051045 1.1564941 0.3511352
24770 61922733 -0.183776 -0.231658
22224 55558400 -1.944091 2.6850585
17623 44056742 -0.301513 -3.116699
29390 73474063 -1.805419 -1.033447
6659 16646300 0.3104248 2.1000976
27559 68896183 0.5025634 3.0629882
26758 66894717 1.40625 -1.481201
26317 65790803 1.9296875 -2.875
23403 58506338 -2.044433 -1.349121
21735 54337207 1.1662597 2.9448242
22468 56169264 -0.415405 0.8692626
12164 30409532 0.8681640 2.9877929
12666 31662511 1.1613769 -1.708740
14739 36845571 1.8288574 -0.289855
27011 67527272 -0.255615 -1.766845
6037 15090960 0.4718627 0.7149658
3723 9305873 1.1428222 0.9981689
23506 58764806 1.734375 3.0605468
4048 10118401 -1.328369 -2.835937
5083 12705161 -1.924072 1.7326660
22140 55349023 -1.894531 2.6196289
12438 31093708 -1.038818 2.4165039
23531 58825350 -2.210937 -2.877441
11168 27918130 -0.771606 0.8431396
14626 36563312 1.6923828 2.1860351
20532 51328788 1.1662597 2.3178710
954 2384716 0.8577880 2.4477539
7684 19208165 -0.254150 -2.252441
25884 64709975 -0.778930 -0.235931
26385 65961869 -1.858642 -1.020996
22268 55668249 0.5170898 2.4189453
22814 57034244 -1.293945 2.2954101
10804 27009679 -2.302734 -2.496582
11367 28415317 2.2089843 0.3859863
20666 51663061 -2.434570 -1.743896
21026 52564668 -0.683471 -1.287353
12302 30752724 -1.104248 -0.209838
21517 53791046 0.7453613 1.8615722
14702 36754570 -0.231597 -2.782714
15689 39220479 1.1020507 -0.693603
25160 62898169 -0.890747 -0.310058
2514 6283092 1.8161621 2.9409179
14413 36030212 0.4956665 0.9754638
26235 65585217 -0.783203 -1.755859
27927 69815454 1.9377441 -0.391174
8102 20253221 -0.824096 -0.729736
17887 44715490 1.3359375 2.5297851
29284 73208455 -2.199218 -0.895019
23487 58715080 1.359375 2.9829101
17149 42870504 -1.606201 -0.696899
24889 62220309 0.8140869 -1.274902
29731 74326595 -0.793090 0.8422851
23182 57953029 -0.458496 2.8559570
23185 57960151 0.9924316 1.5234375
23807 59516688 0.9699707 -2.833984
5188 12969451 -0.747314 1.2797851
7678 19192555 1.2197265 0.6599121
7679 19197212 -0.635620 1.5515136
8454 21133959 -1.655517 2.4819335
15351 38375450 -0.273254 -0.939453
26852 67128583 0.0514984 -1.488525
26853 67131035 -1.620849 1.8715820
28766 71913182 0.9898681 2.4931640
24248 60617864 -1.773925 -1.871337
5009 12521073 1.3051757 1.4462890
26470 66173991 0.3471679 2.6035156
9344 23359512 1.9367675 -0.393859
2709 6771491 2.1206054 -0.160583
19249 48120113 -0.194519 -1.733154
6898 17243282 1.1428222 0.0812683
11727 29315233 -0.454895 -1.787841
9586 23964855 -0.811157 1.6359863
27787 69466334 -1.432861 -2.181152
12071 30177281 -0.039466 0.0520935
25118 62794370 -1.657958 3.1328125
19987 49966361 1.1940918 -2.535644
13993 34981221 -0.090072 0.2871093
27975 69935090 -1.044189 -0.972167
10736 26839126 0.9235839 2.7011718
11126 27813381 -0.934204 -0.669311
9193 22981938 -0.636230 -0.004680
13038 32594958 1.9946289 -1.988281
20156 50389489 -0.361206 0.5220947
24848 62119203 1.1481933 1.9975585
20670 51672624 1.0134277 2.9472656
14723 36807004 1.2065429 -0.897705
17983 44956521 0.2648925 -2.711914
14184 35459540 1.3312988 0.4729614
14234 35584571 -0.406372 -1.788330
21069 52670024 0.4927978 0.7518310
21097 52741481 -1.105957 -1.548095
22388 55969268 -0.249694 -0.733154
369 921909 -0.949707 -0.332641
20207 50515967 -0.444335 0.3094482
3529 8820834 0.3347778 1.1279296
19086 47712695 -2.179687 -2.014160
3073 7682248 1.5776367 0.4705810
22168 55418061 0.5830078 2.4321289
18507 46267452 1.7639160 0.2195129
18509 46272497 -1.283691 1.8430175
11095 27736463 -0.374450 3.1035156
6871 17175031 -0.477355 -0.898193
29706 74263013 0.2299804 0.9621582
9769 24421357 -0.472229 0.0645446
16211 40525355 0.5131835 -2.502441
9896 24739079 0.4226074 -2.813476
11630 29073378 0.8013916 -1.770996
10659 26645274 -0.849975 3.0976562
10589 26472342 -0.709594 -0.897460
12344 30859518 -1.064941 1.2888183
13670 34174328 0.3787231 -0.209320
14655 36636883 -0.481506 0.1878051
14927 37316944 -1.584716 -1.769042
14356 35889622 1.0825195 1.4033203
23821 59551237 0.7183837 -2.370117
29371 73427326 0.6385498 0.7893066
14808 37019156 -0.466674 0.0640716
20690 51724815 -1.992675 2.1289062
14357 35890654 -1.435058 0.2581176
24734 61834450 -1.427734 -2.000976
45 112265 1.4133300 -1.275146
19876 49689656 1.5649414 -2.653320
17458 43644169 1.2312011 -0.029872
710 1773100 1.7202148 -2.145507
19236 48088211 -0.892944 0.4901733
19240 48097520 0.5073242 0.6517333
20312 50778091 -1.927001 -2.464355
22317 55791308 -1.837402 1.7587890
21047 52615920 -0.458007 0.8111572
10768 26918535 -0.927734 -2.451660
3989 9970520 -0.237670 1.0683593
26661 66651493 2.3051757 1.9553222
26679 66696926 -0.701171 2.8461914
11022 27553993 -2.398925 0.4638671
12920 32299650 1.5725097 1.5566406
16557 41391491 -1.092285 1.1367187
26344 65858454 -0.607910 -2.836425
18422 46054212 1.1469726 -2.765136
23001 57501202 -1.277099 -2.379882
1796 4488409 -0.056785 -0.322814
15434 38583230 0.0156478 0.3436889
16644 41607546 1.8872070 0.9055175
18737 46841716 1.7526855 1.4616699
17690 44222841 0.8452148 -0.391845
2742 6853081 0.7877197 -1.705322
2919 7295725 0.2015686 0.3832397
17430 43574640 0.0175781 -1.588867
6637 16590152 1.3261718 1.7885742
7764 19408211 -1.233398 0.4183349
23015 57536885 1.703125 -1.586181
9881 24700693 1.6533203 -1.982177
28111 70276966 0.6622314 -2.020996
23327 58316392 0.9045410 2.5859375
17286 43213862 1.0920410 2.5639648
23359 58395866 0.5876464 -1.587402
24824 62058528 -1.428955 -0.127014
27456 68637723 -1.076660 -1.538330
3096 7739806 -0.429077 -2.478515
5701 14250194 1.5837402 -0.874755
16642 41604877 -1.351318 -0.574707
8420 21047539 -1.621093 1.8559570
7045 17610322 -0.614135 -3.083984
9222 23054780 -0.174835 1.9584960
9057 22640851 -1.777343 1.7226562
16877 42191859 -0.862426 -1.230468
26279 65696783 -0.224060 1.8176269
6131 15326241 -0.456726 -2.254394
6588 16469908 -1.305175 1.2946777
8204 20509496 -0.221557 0.8099365
19262 48153351 -0.737182 -1.921142
16416 41039254 -1.270507 0.7313232
7959 19896932 1.5773925 -2.515136
16142 40353183 2.1176757 1.0991210
19420 48548673 0.6757812 0.3045654
13714 34283645 -0.530029 2.6997070
23524 58809198 -0.679931 -1.742675
17169 42920987 1.3293457 -1.624511
17905 44760302 0.5731201 -2.386718
21163 52906060 -0.421508 -1.411865
27066 67664579 -1.201416 2.8525390
29333 73331829 1.3259277 -1.976806
29744 74359242 -1.935302 -2.466796
1127 2815023 0.9230957 -2.988769
592 1478881 -0.211059 0.8105468
15081 37700210 -1.688476 0.8903808
1782 4453945 1.3161621 2.8911132
16209 40520577 -0.667114 -2.339355
22435 56085163 -0.567993 1.8181152
3060 7649616 2.0639648 1.9770507
3926 9812569 -0.917480 -3.104492
13752 34378022 -1.296142 0.6040039
13752 34379913 1.4140625 -1.887451
13900 34748153 0.2591552 -2.039550
22375 55936434 2.3359375 -0.570678
27163 67905626 0.7683105 -1.696533
22245 55612200 -0.650268 -1.284179
28388 70967602 -1.323730 -1.267822
11544 28859833 -1.727783 1.9392089
11701 29251942 -0.715087 -0.158569
22913 57281327 1.1176757 0.6130371
11581 28951337 -0.606811 0.3915405
652 1629103 -1.072753 0.2323913
1483 3706758 1.1062011 -0.676635
17121 42801038 2.3789062 -1.725830
25558 63892951 -0.073898 -0.001148
29681 74200139 1.4033203 2.265625
26565 66411104 -0.438659 -2.514160
9396 23489752 -0.493347 1.8894043
17639 44095809 -1.632568 -1.318847
11758 29394295 0.6861572 -0.069000
24120 60299929 -1.586181 -1.435546
7561 18901366 -2.216796 1.4328613
19886 49714202 0.0682678 2.7700195
14470 36173292 1.1196289 -2.524902
15977 39942355 0.9334716 2.7026367
9677 24190623 -1.092285 -0.213836
20406 51014451 -1.167724 1.1716308
28723 71806659 -0.660888 -2.608886
24399 60996018 -1.997070 0.4746704
19002 47502634 1.0686035 1.5917968
4122 10302808 0.5765380 -0.574096
538 1343201 0.1859436 3.0278320
29285 73211845 -0.414794 -1.860595
14638 36592678 0.1335754 0.1265563
21425 53562057 0.8148193 -2.923339
1700 4250000 1.3540039 -1.191650
9862 24654207 -2.246093 1.9697265
6504 16257928 -0.535034 -2.173339
1978 4944134 -2.026367 -0.253112
17198 42993858 -1.377929 -2.942382
7206 18014951 -1.934326 0.3163452
1523 3805640 0.1230163 -2.661132
3128 7817887 -0.626708 -1.794921
19371 48425103 -1.743896 -0.588745
1540 3849763 -0.358337 2.0908203
27486 68713717 -2.164062 1.1743164
19381 48452295 -1.681640 -3.086425
15329 38320948 -0.350463 2.1074218
4014 10033676 -0.051986 -0.958007
6210 15524090 0.9683837 -1.944580
6298 15744978 0.2429504 -0.440307
13771 34427091 0.4746093 0.5004882
4523 11306556 1.6982421 -0.814697
5926 14814146 -0.108596 1.2749023
19847 49616390 -0.611694 0.2658691
8246 20613087 -1.311035 -1.293212
27322 68303420 0.4753417 -0.594482
6784 16959814 -0.326660 1.9011230
17196 42988835 1.0402832 -0.300048
26864 67159927 -0.166534 -2.160644
7425 18560157 0.4898071 -2.984375
9116 22789119 1.0527343 2.6811523
27654 69132542 0.2656860 0.3441772
23777 59442341 0.0321350 -0.992309
19685 49211863 1.9948730 -0.721923
26346 65862534 -1.369628 -2.943359
781 1951429 -1.151367 1.1286621
28905 72260409 -0.592529 0.3092041
1911 4776509 -0.238098 1.8291015
27359 68395591 -1.849121 -2.396484
29693 74231865 -0.123031 0.8677978
4075 10186897 -1.027343 0.7663574
16122 40304851 0.9331054 -0.372070
9629 24071528 0.7590332 -0.290954
18305 45760347 -0.732299 -3.100585
9597 23990998 -1.724121 -2.619140
28186 70462806 -0.969360 -2.026855
24672 61679298 0.0146503 -2.128417
29455 73636926 1.2785644 0.9680175
29848 74619216 0.1417846 1.3466796
