188659 46406237 -1.360839 1.8688964
217743 53562438 -0.520996 1.0703125
5667 1399118 1.1481933 1.3945312
210477 51776516 -1.254150 0.8995361
111584 27450874 1.3200683 -2.540039
214414 52740255 -0.815063 -0.926635
17288 4260184 2.0605468 -2.808593
27628 6796538 -2.151367 1.0310058
248202 61049477 -0.971679 -1.743652
102025 25099099 0.8183593 1.7409668
101558 24983852 0.2225341 2.9409179
184736 45437507 0.5649414 1.5053710
166948 41062367 -0.839843 -1.068847
92744 22815683 -2.143554 -0.990966
247937 60984126 0.7969970 2.3378906
127833 31446158 -1.595947 3.1020507
230833 56777742 -0.298645 -2.692382
145222 35722986 1.4291992 1.1220703
202264 49748635 0.9980468 2.4804687
100386 24694228 1.5783691 2.3637695
249031 61254337 0.3132934 1.2114257
201642 49603440 0.9761962 1.3049316
63424 15601381 -0.247314 1.0061035
119760 29461200 1.1538085 -2.909667
111183 27351829 2.046875 -1.887451
88241 21704003 -1.668457 0.3828735
226327 55673342 2.2163085 -0.458862
164804 40541224 -1.634277 -0.528686
215270 52951773 -1.207519 -0.802368
227740 56022310 -0.827270 0.6488037
15276 3763376 0.8923339 -0.625244
12186 3000376 0.5789794 -0.979125
3966 979216 -0.713500 -1.823730
244571 60161322 -1.353271 -1.369873
171952 42297758 0.4722290 1.8896484
52602 12946128 0.3353881 0.4268798
67519 16612645 0.6579589 0.3920288
200258 49261890 -1.214599 -1.086181
232714 57242008 0.1636352 -0.281921
150637 37051700 0.3549804 0.5697021
148502 36532870 -0.398315 -3.105468
205869 50638761 0.7426757 -2.258300
231427 56924224 2.3793945 -0.935668
170747 42000261 1.2375488 -1.353271
172687 42479385 -1.311279 2.9638671
79405 19530562 1.2685546 0.1629333
180082 44296769 -0.060920 1.1206054
118725 29205807 1.3825683 1.0815429
85930 21141728 -0.903442 -0.144897
110656 27221785 -0.127471 2.8950195
220102 54136312 -2.030273 1.3598632
248264 61064809 0.3374023 0.4254760
127470 31356628 -1.831298 -2.091796
117854 28990736 1.5878906 -2.625
232730 57245895 -1.592285 -1.994873
214489 52758900 0.2678222 2.1108398
138515 34075283 2.1855468 -0.386047
127899 31462508 0.0702209 2.4936523
84461 20778941 0.1025543 -2.661621
224379 55192511 -1.726806 3.0419921
126354 31081020 -1.291992 1.8415527
53463 13150352 -1.882324 0.7445068
135643 33366331 -1.374023 2.7490234
116257 28596294 -1.390136 0.3787841
137024 33707091 1.8735351 -1.487548
194790 47911740 2.0263671 -1.705322
223343 54936670 0.2466125 -0.392822
134655 33122230 -2.082031 0.4779052
117961 29017136 1.2248535 2.9990234
119792 29469150 -0.474060 -0.279296
160120 39384649 -0.446594 2.7890625
143793 35370133 -0.104385 2.3569335
160389 39451110 -2.082031 -2.828125
157902 38845538 1.7231445 0.2049255
227700 56012414 -1.741210 1.2011718
216324 53211962 1.6301269 1.1513671
218097 53649624 -1.447265 0.3110351
181531 44654499 1.1174316 -1.670654
4376 1080341 0.2536010 0.1889343
34878 8586689 -1.082031 -1.627441
39586 9740611 0.8083496 -0.607055
110866 27273721 -2.047851 0.0308074
155761 38316861 0.8157958 -0.265380
196771 48400800 -0.368896 1.3657226
177105 43561870 2.4638671 -1.616210
143585 35318855 -1.170654 -1.305175
172909 42534219 -1.647216 -2.427734
254058 62495505 0.5943603 -1.764404
208545 51299583 -1.576416 0.7534179
61007 15012939 -0.622680 2.6333007
57669 14188792 -0.440429 -0.842041
190851 46947417 -1.031005 -1.469238
136932 33684568 -0.901245 -1.716552
192977 47472424 -0.837646 -0.261047
31824 7832559 -0.242645 3.1171875
33650 8283321 -1.348144 -1.673583
101270 24912606 -2.438964 0.9293212
71605 17612996 -2.461914 1.5739746
145457 35780896 1.9279785 1.0185546
57072 14041399 1.3105468 0.0428619
231118 56847973 0.9180908 -0.071990
240744 59216276 -0.401550 2.9677734
147760 36349670 0.2340087 2.6225585
74934 18435123 -2.015625 2.7783203
116112 28560420 1.1181640 2.7939453
51120 12580353 -2.039550 2.2822265
115098 28310118 0.1672363 -0.573852
85736 21093869 1.5874023 -1.006591
78561 19330592 0.6734619 1.6950683
179618 44182167 0.9764404 1.3166503
82739 20353796 -0.063995 -1.640380
75517 18579080 -2.015625 2.0561523
108005 26567024 -1.354492 -2.926757
122315 30092027 1.7111816 -0.932128
193879 47686644 -2.270019 1.9538574
41385 10184971 -0.735717 -2.902343
197292 48529400 -0.629760 -1.720947
62568 15390152 0.4516601 2.2924804
99796 24548593 -1.209472 2.5229492
45737 11251031 -1.394775 0.4283447
108593 26712316 1.1945800 0.2297363
111851 27516854 -1.621582 -3.116210
237419 58395367 -2.461914 -1.083007
107254 26381659 2.0883789 1.7399902
248353 61086670 -0.038009 1.84375
245380 60361080 1.2456054 -1.353027
222878 54821725 -1.385498 0.8828125
116918 28759451 -1.151611 -2.440429
252081 62007236 1.8110351 2.4599609
211164 51937874 -0.724975 0.9807128
234287 57630453 1.3549804 2.0859375
240226 59088428 0.6542968 -0.409606
67590 16630206 0.1795654 -1.492431
189906 46714167 -0.442810 -0.348815
69915 17204117 -2.391113 1.1652832
206093 50694103 -0.534179 0.8981933
33841 8330712 1.2377929 2.0927734
40047 9854388 -1.654785 0.2701416
178627 43937658 1.3994140 -0.717895
22690 5585597 0.1745910 1.3452148
177707 43710504 -1.384277 0.9560546
16680 4110026 -0.489135 -1.440917
184559 45393833 -0.052154 -1.214843
48318 11888294 -1.758300 -1.110595
94182 23170710 1.1936035 -2.534179
73259 18021353 0.5266113 2.0991210
191244 47044594 -1.008789 2.7978515
88303 21719326 -1.279785 -0.499145
98218 24159014 -1.723632 2.1235351
49110 12083921 1.3256835 -0.193054
45422 11173414 0.3486938 1.6706543
206649 50831382 0.0526275 -1.475341
201295 49517933 2.0766601 -2.826171
169605 41718292 1.3374023 -0.089187
95083 23393402 -0.690551 0.9803466
81357 20012608 0.5235595 -2.412109
90469 22253991 2.0107421 -2.731445
216246 53192753 1.9577636 -1.136962
251523 61869443 -1.907714 -2.211425
163064 40111534 1.7224121 3.0761718
108152 26603399 1.0117187 -0.905517
216870 53346833 -1.034423 0.5729980
49232 12114108 -0.328002 -0.647583
117156 28818181 -0.731079 0.5361328
152353 37475339 -2.005371 -2.306640
138528 34078408 -1.688964 0.6849365
108517 26693564 -0.266418 -2.293457
178826 43986644 -1.799804 0.0354385
2021 499023 1.8818359 0.8312988
12478 3072497 0.9580078 1.3039550
6300 1555539 0.8331298 2.5795898
58360 14359594 1.2199707 -2.568359
157188 38669125 -1.203369 2.7524414
195918 48190198 0.8839111 -2.619140
182426 44875547 -1.128906 -0.059928
140669 34598879 1.3198242 2.4760742
252892 62207598 -0.183380 1.6235351
209480 51530581 -1.966308 1.0239257
189031 46498071 -0.063415 -2.633300
231900 57040968 -1.444091 -1.528076
239045 58796981 0.4880371 1.34375
33560 8261251 -0.183319 0.7685546
140188 34488338 -0.153747 -1.691894
216998 53378358 1.0976562 1.4775390
5520 1362984 0.1777648 2.9487304
43986 10818713 -0.537841 -0.103088
141374 34772933 -1.949951 1.0249023
201178 49488860 -1.591552 -3.129394
242419 59629989 -1.149658 0.3535156
31049 7641235 1.7287597 2.2055664
113507 27925774 1.1308593 -2.799316
211507 52022494 -0.405517 2.9291992
188851 46453510 -1.722167 0.5971679
197266 48522982 0.5122070 2.8369140
212522 52273277 -0.638916 0.6608886
204302 50251886 0.0175666 1.5644531
158821 39063990 -0.236267 1.6835937
196052 48223310 0.7626953 -2.719726
211141 51932267 0.6945800 1.3476562
32480 7994534 1.7163085 -2.322265
249895 61467621 -2.317382 -0.084579
35562 8747022 0.9951171 1.7805175
103422 25443866 -1.674560 -0.162078
86213 21211598 -0.232940 -1.898681
111160 27346194 2.3242187 -1.170166
45656 11231179 -1.184570 -2.587402
78339 19275669 0.5269775 0.0144462
114508 28164373 -2.384277 2.1791992
79821 19633445 -1.423583 -2.447265
119120 29303217 -2.161132 -1.944335
3247 801787 -1.874755 -2.459472
101909 25070332 -0.217559 -2.898437
93032 22886868 -1.976806 -1.103027
89465 22006045 0.7257080 -0.093490
105766 26014360 -1.347900 0.9090576
33563 8261859 2.1811523 2.0429687
221513 54484832 -0.867797 -0.570556
197345 48542503 0.5036621 2.1455078
36935 9086008 0.0689544 1.2421875
99517 24479705 0.7827148 -1.019775
149748 36832112 0.0619735 -2.644531
222381 54699117 -1.951660 0.609375
227273 55906964 0.4708251 -0.577636
231996 57064837 -1.649414 -1.121826
10081 2480564 -1.244873 0.1282043
93667 23043774 -1.396484 0.9572753
144022 35426778 0.4227294 -1.714599
122862 30227211 2.3613281 0.3561401
76544 18832581 2.0834960 1.0048828
14291 3520262 0.2160034 -1.148681
83426 20523386 0.6121826 1.4501953
6670 1646872 0.3706054 2.5693359
35280 8677437 0.4918823 1.8879394
83947 20652092 -0.864501 -0.824218
52308 12873447 -0.253540 -0.920776
104215 25639752 -0.164733 -0.680664
54617 13435416 0.5920410 -0.243347
54062 13298292 -1.223632 -2.649902
120172 29562975 0.4355468 -0.960327
174077 42822414 -0.696166 -0.340270
61086 15032554 1.2773437 2.8154296
176734 43470040 -0.371459 -0.778686
241653 59440776 1.6423339 2.6699218
