18618 37234010 -0.994506 2.6411132
39279 78557632 2.1362304 0.9257812
26630 53259819 1.3493652 -0.503784
27304 54607134 -1.219238 2.0502929
15039 30076528 0.6011962 -0.577392
33886 67771868 -1.151123 0.4033203
17196 34391632 0.2087707 -0.466003
15793 31584374 0.5427246 -3.000488
34970 69938654 -0.259277 -0.980224
34970 69939131 -1.416259 0.2456054
37582 75163560 -0.504638 1.2312011
16701 33400095 1.0349121 -0.312377
16106 32210318 -0.795654 2.7607421
10955 21909908 1.3103027 -2.082031
9067 18132127 -1.566162 -2.770019
27616 55231809 1.8798828 0.6140136
12902 25803201 1.7436523 2.2387695
44449 88897907 -0.570800 1.7783203
18005 36009574 -0.504394 2.4912109
22822 45642712 1.6706543 -1.454101
35676 71351041 -0.427612 -2.500976
24007 48013695 0.2581787 -0.424926
38558 77114360 -1.613769 0.3790283
38559 77116980 1.40625 0.6357421
49632 99263192 1.3859863 2.6420898
40816 81630170 0.0209693 2.1381835
48865 97728288 -0.928833 -0.251403
40814 81627123 1.6362304 0.2152099
30280 60559860 1.1474609 1.9980468
16797 33593959 -1.922363 -0.653930
15888 31775405 1.5759277 0.2532958
43915 87829892 0.4003906 2.3740234
24959 49917528 0.8111572 -0.392883
27188 54375055 -0.069137 -1.105957
27514 55027984 0.1644287 2.4248046
33228 66454547 -1.337646 2.7832031
32952 65902768 0.7110595 -0.070556
294 586829 -0.454406 -2.500488
20827 41653491 0.7635498 2.1323242
6667 13332732 1.6943359 -1.585937
11972 23943531 -1.25 1.3381347
37613 75225115 0.5180664 1.3820800
27095 54188987 1.1672363 -0.781005
21472 42943540 -0.836425 0.6540527
21208 42415520 -1.635009 -1.580322
23323 46644341 0.7800292 2.9116210
29028 58054044 1.7885742 -1.874023
19113 38225176 -1.129638 2.1479492
13903 27804824 -1.679687 2.1450195
19136 38270116 0.2468261 -2.041503
39726 79450879 1.0166015 -2.296386
43618 87235983 0.0152816 2.4956054
28658 57315961 0.7657470 1.9919433
36235 72469391 -0.783569 2.3569335
40059 80116662 -0.867553 2.9306640
25961 51921971 0.7913818 -2.953125
32740 65478841 -1.599853 1.0571289
26157 52313109 -1.917968 1.7324218
48414 96827584 -0.057815 1.8134765
6016 12030843 -1.037109 2.7099609
43645 87289498 1.7783203 2.0913085
20686 41371215 1.8041992 -0.887207
38155 76308631 0.5356445 -3.054199
7953 15905260 0.7880859 2.9873046
10638 21274020 0.3247680 2.2861328
7249 14497326 1.7697753 -0.517700
17014 34026840 0.8094482 2.4418945
17015 34028151 -0.533325 1.0241699
11700 23399415 0.8183593 0.6607666
23858 47715395 -0.397277 1.1904296
10157 20312205 1.8754882 0.9060058
20765 41529474 1.1257324 -1.636230
13997 27992048 1.9387207 -2.071777
27050 54099854 0.2260437 -2.201171
17824 35647297 -1.324951 -3.040039
49960 99918997 0.5173339 2.6123046
12539 25077442 1.1806640 -0.777709
20415 40829436 -1.741455 2.2080078
47984 95967230 -1.020019 0.7664794
28548 57094897 -1.606445 -0.351257
41561 83121981 -1.294921 -3.040039
38663 77324808 -1.313476 -2.574707
37727 75453500 0.9755859 -1.690185
6093 12185845 2.0576171 0.8997802
7275 14548179 1.0446777 2.6689453
43889 87776046 -0.055549 1.7170410
18873 37744319 0.0475997 1.0417480
40443 80885564 0.5355224 0.9747314
20377 40753622 -0.027023 3.0805664
11310 22619670 1.2204589 -1.916748
49438 98874945 -1.421875 -2.886718
49455 98909570 0.6031494 0.3613281
14741 29481365 -1.315917 -1.266845
31301 62601535 2.1416015 1.6340332
36081 72160550 -1.741699 -2.895507
9132 18263252 -1.590820 -1.372558
28873 57745689 0.4930419 -2.174316
27638 55275763 0.3199462 -1.624267
40488 80974126 1.4260253 -1.892578
28438 56875733 1.5832519 -0.388061
43043 86084073 1.9990234 0.6312255
42713 85425689 -0.565307 0.2631225
48424 96847366 -1.182861 2.6025390
35937 71872103 -1.291503 1.1005859
35250 70498632 -0.869140 -0.189727
36830 73658516 -0.444702 -2.477050
18902 37803796 0.6773681 -2.005859
15335 30669426 -1.265625 -1.840576
47679 95357600 -0.724365 -0.149719
29648 59294545 -0.412475 -2.914062
12479 24957640 -0.548950 -2.302734
45267 90532130 1.8439941 0.9488525
28370 56738231 1.9431152 2.3520507
28494 56987411 -0.060668 2.6689453
22227 44452868 -0.090576 1.8173828
41759 83516917 -2.418945 1.6472168
35617 71232462 0.4047241 -1.289062
11120 22238767 0.9252929 2.1699218
47616 95230025 1.9692382 0.9211425
49240 98478498 0.7041015 2.5244140
40324 80647017 2.0185546 -1.526855
40539 81077843 -0.275756 -0.250976
47785 95569290 1.0329589 1.2868652
28058 56115206 1.3439941 -1.195556
13471 26941929 -0.350585 -3.009277
17561 35120284 0.8105468 3.1108398
15111 30221717 -2.038574 1.1142578
24729 49456811 1.9211425 -0.708862
13534 27066372 0.4930419 -2.997558
40522 81044000 -1.054931 2.2319335
49970 99938155 1.1286621 -2.099609
15827 31652042 0.0821533 0.3861694
47429 94856611 -1.035156 0.1496582
45554 91106410 1.8427734 1.9560546
43642 87282769 -2.073730 0.8769531
40964 81927169 -0.458862 -0.852416
39325 78649626 0.0274887 1.7390136
27801 55601687 -0.056777 -1.718261
47668 95335737 1.4428710 -1.830322
37401 74801717 -0.347839 -3.084960
38742 77482204 -0.662841 -1.379638
46865 93729570 -2.205566 -0.717285
16241 32481048 -1.378417 1.2834472
16297 32593504 -0.753295 1.5412597
44669 89336542 1.2817382 2.1171875
30286 60570711 -1.358398 -0.649047
34191 68380637 0.8999023 -2.086914
47752 95503581 -0.384338 -2.648437
29376 58751580 -0.823730 -0.792602
31435 62869546 -1.735839 -1.114746
48319 96637866 0.8317871 2.3403320
32542 65082889 -0.149383 2.9594726
30081 60160337 -1.114501 2.5913085
319 636444 -2.283691 0.5528564
1560 3119937 2.0449218 0.0805664
1556 3111238 -1.354736 0.4462280
508 1014949 -0.118560 1.7207031
33619 67237292 0.6290283 -0.703979
2995 5989930 -0.631225 -1.096435
4790 9579933 0.9334716 -0.369689
36979 73956863 0.9105224 -2.650390
40032 80063916 -0.852172 -0.745117
19551 39100207 0.0663909 2.3666992
49276 98550162 1.3537597 0.5131835
21805 43609623 1.5898437 0.2525024
21625 43248204 0.8258056 0.3947143
44099 88197048 1.0234375 -2.739746
47466 94930760 1.3356933 -0.016132
34658 69315167 -0.3125 -2.779785
11883 23765000 2.3286132 -0.153900
30831 61661538 1.0739746 1.6127929
48199 96396069 1.1079101 2.6372070
48203 96405494 -1.628417 -3.056152
48204 96407043 -1.109130 0.3122558
38075 76149942 -1.657470 0.8062744
16604 33207916 1.1831054 0.3477783
34767 69533240 0.5778808 -2.895996
34709 69417525 0.8056640 -2.471679
1380 2758264 1.0961914 -1.080322
1488 2975140 0.5549316 2.1362304
927 1853005 1.3381347 -1.521728
997 1993879 -0.558349 1.0214843
5690 11378932 -1.376953 -3.093261
10525 21048056 -1.437744 -0.281311
33437 66873310 2.3657226 -1.725830
44650 89298506 1.7131347 -0.072906
8130 16259032 0.0558471 0.9291992
13772 27543302 -1.394287 -2.180664
44437 88873712 -1.400390 2.7973632
25290 50579672 -0.495849 3.1269531
23708 47414770 2.4711914 0.2360839
45828 91655735 -1.578125 0.8502197
18346 36691768 2.0561523 -2.936523
46630 93259878 -0.362731 -0.332214
37799 75596591 1.671875 1.6618652
24063 48124855 -0.525634 0.7186279
28664 57326246 -1.702148 -1.861816
47260 94519940 -1.015869 1.8886718
12858 25715767 1.6477050 -2.154785
12859 25717123 -1.090332 -0.438537
20074 40147908 -1.413818 1.2678222
33670 67338559 -1.579345 -2.404296
48045 96088960 0.5821533 -3.045410
47098 94195100 -0.477844 0.8959960
32803 65605534 1.4057617 -2.038574
22108 44215266 1.2653808 0.9462890
44854 89707894 -0.701904 3.1108398
22689 45376599 -0.869628 -1.299804
11460 22918612 -1.413085 2.9155273
17545 35088307 1.1540527 -0.773925
34704 69406739 0.3550415 -2.515136
29850 59698608 2.0815429 -2.517578
26216 52430469 1.4130859 -2.366699
49476 98951400 1.3242187 -2.035156
14372 28742912 -0.961425 -1.822509
37911 75820841 1.3571777 -2.898437
17101 34201777 0.3829956 1.6062011
42436 84870245 1.6835937 1.7148437
34466 68930920 0.0058021 0.3544311
32751 65500161 -1.894287 2.6201171
36652 73303518 1.3684082 -1.365966
34032 68063880 1.8259277 -1.263183
36673 73344712 -1.208251 -0.197296
2913 5824704 0.9697265 -2.831054
3513 7025562 -1.690917 -1.546386
2504 5007726 0.2997436 0.9174804
4185 8369484 1.1601562 2.3232421
2309 4616581 0.9368896 0.1450500
26954 53906912 0.5305175 0.9753417
23548 47094817 -0.825561 -3.111328
30332 60662017 1.2995605 -0.339965
48103 96204849 0.4669799 -0.044120
35300 70599220 -1.139404 1.7377929
37780 75558728 0.6405029 -1.929199
47145 94288446 0.9696044 -0.849731
34676 69351387 0.2275695 -2.096191
26697 53392983 1.3588867 2.5288085
47919 95837620 -0.957031 1.8491210
35388 70774423 1.6567382 0.6907958
46715 93429051 2.3774414 1.0510253
34935 69868100 -0.672607 2.4072265
41536 83071648 -2.436523 0.0165252
7893 15785964 2.4589843 2.2377929
37041 74080284 0.6903076 3.0546875
8913 17825462 -0.466064 -1.879882
49693 99384125 1.6584472 -1.982910
14651 29301498 1.5988769 1.4516601
48548 97095051 0.3565063 -1.647216
9053 18105451 -0.154113 -1.452880
37694 75386855 0.8145751 -0.215209
10343 20685048 -2.296386 0.5511474
38292 76583249 -2.237304 0.1789550
21160 42319426 -1.171142 -2.081542
49293 98585291 -1.694580 -1.494628
30418 60834026 1.6577148 0.7260742
34202 68403276 1.9865722 0.0768890
48312 96623296 0.0529632 -0.366088
14428 28855206 2.4702148 -2.143066
37109 74217369 -0.817138 -2.979003
39768 79534822 -2.178222 2.9375
27009 54017656 -0.066726 2.4033203
17098 34194313 -0.764526 -0.113250
48227 96453621 -0.199737 -2.423339
46191 92380136 0.4575195 -3
37007 74013882 -2.194335 -2.475585
23582 47163801 2.3095703 2.4379882
26215 52428535 -1.350585 2.2075195
48777 97552677 1.7888183 0.3015747
43129 86257512 1.6633300 1.7058105
25599 51196812 1.4318847 1.2785644
40514 81026581 1.4121093 -1.894775
7770 15538691 -1.433593 0.7431640
13544 27087311 -0.815673 -1.005126
20317 40632191 -0.612182 0.4578247
12925 25848354 -1.978271 2.8852539
14533 29064324 0.8316650 -1.217041
22114 44227615 -0.903076 -0.249176
21449 42897013 -1.646728 2.2583007
47287 94572304 -0.091293 1.5148925
41243 82484499 1.0209960 -2.694335
14438 28874434 -1.814208 -0.894042
43760 87518182 2.4394531 -3.042480
14274 28547046 -0.463989 -1.420166
14734 29466510 -1.942382 1.1293945
42052 84102184 -2.189453 1.9807128
20689 41376661 -1.614746 1.1972656
36952 73903200 -1.152343 0.4360961
21045 42088593 -1.060546 0.6051025
35487 70972334 -0.445922 -2.500488
20740 41479990 -0.911743 -2.603027
38176 76350737 -0.932861 -2.054199
33801 67601379 -1.433105 2.3354492
49654 99306362 0.5374755 -1.936767
45732 91462570 1.1394043 -0.056198
474 946502 -1.675292 0.7285156
987 1973560 -0.351745 -1.613037
1454 2906933 1.1569824 0.7572021
5236 10470146 1.5722656 -2.388671
1248 2494057 0.6674804 3.0556640
4510 9019488 -2.140625 -2.763671
5359 10717838 -0.512695 -0.927734
7554 15107990 -1.963134 -3.062011
38998 77994397 0.9829101 2.3520507
4931 9860898 -2.091796 0.2055358
21889 43776986 -0.600341 0.6289062
41811 83621898 0.1045074 -1.529785
9428 18855951 0.6522216 -2.890136
18799 37597464 0.6751708 2.9399414
15222 30442648 -1.396484 -1.563720
28129 56256996 -1.276367 0.0575561
33095 66189806 -0.248138 0.4357299
13335 26669321 -1.161621 -1.833251
3233 6465162 -1.094970 -0.165496
5324 10646441 1.9760742 0.9207763
5990 11978696 -2.240722 2.6528320
554 1107781 -0.414916 0.1499633
6677 13353711 -0.964111 2.6333007
8577 17153832 -0.131500 -2.40625
10066 20130027 -0.095535 2.8701171
8548 17094460 -0.389282 -1.604492
47000 93998316 1.2009277 -1.026123
38022 76043316 -0.961303 -1.356933
10862 21723137 -0.732910 -3.099121
23833 47665201 -1.172119 -0.294555
11701 23400378 0.0161056 2.3393554
9380 18759988 0.8621826 0.1758728
10689 21377553 0.4729614 0.9145507
11404 22807572 -0.253967 -2.674316
43248 86495686 2.15625 -1.931152
41692 83383461 0.2634887 -2.446777
29082 58162696 1.6850585 2.6079101
24660 49318266 1.2478027 1.2822265
13397 26792717 1.3276367 -2.033691
35151 70301384 2.3623046 -0.235839
30746 61491334 0.2419738 -0.440612
43571 87140478 -0.798095 -1.003417
33432 66862761 -0.055000 -0.224700
44085 88169259 -0.538085 -2.5
22766 45531887 -1.394287 -2.944824
22767 45532719 0.4060668 0.1182098
40599 81196778 0.2476501 -0.440002
37212 74422478 -0.192321 -2.659179
6128 12254602 1.1530761 0.6081542
1741 3480813 1.3286132 -2.768554
17021 34041014 -0.463439 -1.370849
8146 16291718 0.3034667 -2.541503
10855 21709941 1.1005859 -2.808105
13947 27893509 -0.362915 1.5085449
5240 10479832 2.3339843 1.1315918
23608 47214323 0.2291870 -2.972656
6549 13096127 -1.440917 2.5649414
4493 8984966 -0.733764 -1.417724
33141 66281950 1.7612304 -0.518432
10915 21829277 0.6412353 0.4738159
44598 89195863 0.2115783 -2.041503
46755 93509068 -0.795043 -0.237640
31362 62722299 -2.465332 -1.512939
23160 46318016 -1.401123 -0.286193
19521 39041736 -1.740722 -1.940429
18124 36247935 1.2055664 -1.555175
11642 23282578 -1.231689 1.6520996
43995 87989059 -0.910156 -2.789550
35733 71464766 -1.389404 3.0161132
36102 72202101 1.2534179 -2.417968
11086 22170166 0.6987304 -0.075134
19909 39817207 -1.066650 2.2158203
45037 90072247 -0.142303 -2.412109
43971 87941391 0.1659545 -2.673828
44697 89392598 2.5039062 -1.504882
29143 58285994 -0.804809 -3.038085
40532 81062375 -0.979736 1.7143554
34596 69190177 -1.047851 2.2275390
39564 79127076 -1.883056 1.6110839
39940 79878334 -0.292175 -0.900512
1956 3910607 1.7136230 -1.585693
30921 61840398 -1.156494 -1.115722
10001 20000498 -1.000488 0.1451416
4750 9498154 1.0683593 2.8574218
4752 9503259 1.8510742 0.3499145
11195 22389763 0.0474166 -1.589111
46681 93361588 -2.458984 -0.025756
44884 89767107 -2.214355 -0.893676
14635 29269297 2.2763671 -2.116210
9925 19849335 1.4450683 0.8854980
39654 79307185 0.5412597 1.5571289
22234 44466344 1.2985839 -1.428466
46537 93073944 0.4194335 -1.382812
29923 59844178 -0.798461 1.0947265
34928 69855918 -1.756103 -2.620117
24602 49202194 1.8393554 0.3526611
7885 15768519 -0.603637 2.4428710
19122 38242837 -1.774414 -1.113525
8008 16014478 1.2922363 -1.430908
36618 73235713 0.2129516 2.3349609
35303 70604221 -0.709472 1.9780273
48609 97216819 2.3774414 -2.086914
27524 55046571 -0.393920 2.2949218
40120 80239840 0.2167968 1.3225097
41684 83366904 0.6502685 -0.671875
3942 7883940 -0.405761 0.5900878
3545 7089622 -1.146728 -0.302734
4664 9327222 2.3466796 -2.599609
4682 9363767 1.2399902 -1.549560
2769 5537532 1.7526855 -2.204101
5459 10917252 -0.860107 2.9350585
3359 6716485 0.1950683 0.9615478
4325 8648133 2.4936523 -0.653930
38878 77754453 1.6127929 0.1922302
6426 12850312 1.3454589 2.0893554
7570 15139080 1.6486816 0.5718994
45789 91576032 -1.006103 -2.048828
11429 22856126 -2.227050 -0.826416
18486 36971099 1.5886230 -0.457519
6994 13986720 -1.390625 0.9177246
43174 86346631 1.7331543 3.0605468
25856 51711726 0.4224243 2.1044921
26088 52175529 1.6208496 -1.006835
9480 18958534 1.0656738 1.2634277
27849 55697954 2.0405273 1.2834472
18400 36799090 -1.076660 0.6159667
18461 36921925 1.5883789 -0.484741
6722 13443504 0.7338867 3.0639648
18632 37263724 -0.628051 0.6303710
18803 37604143 2.3413085 -3.107910
26936 53870613 -1.908447 -0.650146
8730 17458462 -0.694213 -1.273437
10133 20265785 -0.836303 -0.264160
48432 96862870 0.1348876 -1.912597
27482 54963496 0.8023681 -2.674316
36868 73734156 1.2021484 -0.115264
42788 85574566 2.4360351 1.09375
18380 36758552 -0.802612 -0.729492
24223 48445481 1.6804199 2.9799804
582 1163322 -1.573486 1.4787597
2497 4993526 0.5379638 -0.532470
21152 42303784 -1.005371 -2.637207
6631 13261871 -1.147949 -2.603515
6634 13266704 1.8354492 -2.937011
23908 47814429 0.9892578 1.4309082
9536 19071935 -1.355712 -2.479492
11372 22742311 2.3696289 2.1835937
26750 53499085 0.5546875 0.5350341
28191 56380955 0.7138671 -1.295654
36302 72602804 1.3334960 0.9755859
47863 95725593 1.9750976 0.5750732
8796 17590810 0.5144042 2.2299804
29756 59511853 -1.741455 1.9396972
44218 88435404 1.7050781 -0.818603
13606 27210530 -0.414245 0.7238769
11114 22226641 -2.470703 2.5791015
25775 51549083 -1.692871 -3.025878
43700 87399493 -0.130065 -0.020069
19578 39154525 -0.859008 2.75
20312 40623159 1.2492675 1.0986328
41493 82984618 1.9482421 0.3096313
42335 84669030 -0.427734 3.1245117
5137 10272285 -0.385864 -2.982421
5978 11954079 0.0914611 -0.952392
9788 19575847 2.0712890 -2.517089
28278 56555725 1.0502929 -0.703857
28945 57888855 1.0236816 -2.460937
22635 45268914 0.0789184 -2.294921
9258 18515318 0.1015777 -3.135253
45876 91751271 -1.613525 -1.249267
43212 86423934 0.2073364 0.2703857
10485 20968997 0.3147583 -3.019042
11172 22342976 -0.431396 -0.022510
40268 80535339 -1.155761 -1.647216
39448 78895283 -0.501342 -0.645874
13490 26979990 1.9213867 -0.708496
19809 39616418 -1.127441 0.3818969
43741 87480807 -0.498657 1.890625
41510 83018077 0.3665771 1.7585449
40088 80174357 1.3491210 -1.081542
364 727261 0.1986694 -2.562988
4974 9946375 -1.922363 0.1203002
1640 3279479 -0.091445 -2.265625
3296 6591316 0.3462524 -1.624511
4417 8832038 -1.793457 2.84375
2744 5487966 -1.021728 0.4096679
2174 4346413 1.6394043 0.7265625
535 1068782 -0.203247 1.1984863
4995 9989583 0.8940429 -1.488525
1234 2466766 -2.440429 3.0922851
1200 2398781 0.5190429 -0.711914
5950 11899984 -0.199157 2.0615234
4159 8317009 0.9097900 -0.364929
7051 14101457 -0.937133 -3.105957
41502 83002001 0.3579101 2.8432617
11340 22679031 2.3432617 1.5222168
13935 27869638 0.2581176 0.2743530
31687 63372650 -0.222320 -1.764404
45036 90070009 0.6445312 -3.041015
39789 79577821 -1.849609 2.5747070
18329 36657165 1.0048828 -0.298522
40245 80488942 -1.136230 -1.824707
21247 42492452 -1.126708 -2.561523
27540 55078142 -0.927124 -2.054199
40097 80192409 1.1970214 -2.732421
44712 89422625 1.8044433 -2.802734
2110 4219468 -0.515258 2.8447265
23644 47286592 -1.900390 -2.630859
11433 22864313 1.7617187 1.8510742
31749 63496936 -1.071533 2.3178710
49112 98222199 0.0017092 0.1959533
8 14508 0.0451278 -0.368835
4252 8502302 1.3166503 -2.085449
4266 8530840 1.2297363 2.2045898
34557 69112963 1.6437988 0.4323120
631 1260436 1.4345703 1.2783203
3531 7061335 0.7145996 -2.858398
5749 11497581 1.0224609 -2.286621
1962 3922240 -1.239746 0.7252197
4272 8543287 -0.367492 -1.217041
4744 9487612 0.6989746 -2.735839
5193 10384854 0.5004882 0.3932495
5099 10197066 -0.505981 -0.982177
5611 11220660 0.4796752 2.6064453
22608 45215775 0.0102748 -2.128906
28222 56443214 0.5744628 -2.176269
47713 95424298 0.2872924 0.1528930
19784 39566015 -1.435302 -0.980834
41954 83907434 -0.543457 1.9233398
47660 95319070 2.2817382 -0.452819
25283 50564341 0.4325561 1.7961425
16275 32548130 -1.832031 -2.491210
27520 55038684 -0.991699 1.8925781
39485 78968753 -1.992675 2.8852539
12375 24749149 -0.168945 -2.408691
23248 46495573 0.5488281 -2.476074
5485 10969012 -0.664672 -0.348693
38703 77404389 1.1679687 2.3159179
11639 23277523 -1.581298 0.3338012
31682 63363103 -1.417480 -0.299194
40086 80171131 -0.836425 -1.812744
49730 99459476 -1.899902 -0.277954
49239 98476391 -2.472167 0.1282958
29626 59251184 -1.306884 -2.418945
26024 52046481 -1.883544 -1.760498
8348 16695125 -0.108276 -0.321594
9456 18911065 -0.847534 1.3208007
48280 96558594 1.6440429 -0.054138
12163 24324418 0.2507324 -0.440307
17517 35033801 -1.073974 -0.699584
17469 34936080 0.1872863 -2.096191
47193 94385589 0.5775146 2.5043945
37850 75698727 0.9238281 2.3759765
38872 77742951 0.1187438 -0.434692
