5667 1399118 1.1481933 1.3945312
210477 51776516 -1.254150 0.8995361
27628 6796538 -2.151367 1.0310058
248202 61049477 -0.971679 -1.743652
102025 25099099 0.8183593 1.7409668
101558 24983852 0.2225341 2.9409179
184736 45437507 0.5649414 1.5053710
166948 41062367 -0.839843 -1.068847
127833 31446158 -1.595947 3.1020507
100386 24694228 1.5783691 2.3637695
249031 61254337 0.3132934 1.2114257
63424 15601381 -0.247314 1.0061035
227740 56022310 -0.827270 0.6488037
3966 979216 -0.713500 -1.823730
171952 42297758 0.4722290 1.8896484
67519 16612645 0.6579589 0.3920288
200258 49261890 -1.214599 -1.086181
232714 57242008 0.1636352 -0.281921
148502 36532870 -0.398315 -3.105468
205869 50638761 0.7426757 -2.258300
170747 42000261 1.2375488 -1.353271
172687 42479385 -1.311279 2.9638671
85930 21141728 -0.903442 -0.144897
110656 27221785 -0.127471 2.8950195
248264 61064809 0.3374023 0.4254760
127470 31356628 -1.831298 -2.091796
117854 28990736 1.5878906    -2.625
232730 57245895 -1.592285 -1.994873
214489 52758900 0.2678222 2.1108398
84461 20778941 0.1025543 -2.661621
224379 55192511 -1.726806 3.0419921
126354 31081020 -1.291992 1.8415527
53463 13150352 -1.882324 0.7445068
135643 33366331 -1.374023 2.7490234
116257 28596294 -1.390136 0.3787841
137024 33707091 1.8735351 -1.487548
194790 47911740 2.0263671 -1.705322
223343 54936670 0.2466125 -0.392822
134655 33122230 -2.082031 0.4779052
117961 29017136 1.2248535 2.9990234
119792 29469150 -0.474060 -0.279296
143793 35370133 -0.104385 2.3569335
160389 39451110 -2.082031 -2.828125
157902 38845538 1.7231445 0.2049255
216324 53211962 1.6301269 1.1513671
181531 44654499 1.1174316 -1.670654
34878 8586689 -1.082031 -1.627441
110866 27273721 -2.047851 0.0308074
196771 48400800 -0.368896 1.3657226
177105 43561870 2.4638671 -1.616210
143585 35318855 -1.170654 -1.305175
172909 42534219 -1.647216 -2.427734
61007 15012939 -0.622680 2.6333007
57669 14188792 -0.440429 -0.842041
136932 33684568 -0.901245 -1.716552
31824 7832559 -0.242645 3.1171875
33650 8283321 -1.348144 -1.673583
57072 14041399 1.3105468 0.0428619
231118 56847973 0.9180908 -0.071990
240744 59216276 -0.401550 2.9677734
147760 36349670 0.2340087 2.6225585
116112 28560420 1.1181640 2.7939453
51120 12580353 -2.039550 2.2822265
179618 44182167 0.9764404 1.3166503
75517 18579080 -2.015625 2.0561523
41385 10184971 -0.735717 -2.902343
197292 48529400 -0.629760 -1.720947
62568 15390152 0.4516601 2.2924804
99796 24548593 -1.209472 2.5229492
45737 11251031 -1.394775 0.4283447
108593 26712316 1.1945800 0.2297363
111851 27516854 -1.621582 -3.116210
237419 58395367 -2.461914 -1.083007
107254 26381659 2.0883789 1.7399902
245380 60361080 1.2456054 -1.353027
222878 54821725 -1.385498 0.8828125
252081 62007236 1.8110351 2.4599609
211164 51937874 -0.724975 0.9807128
234287 57630453 1.3549804 2.0859375
67590 16630206 0.1795654 -1.492431
189906 46714167 -0.442810 -0.348815
69915 17204117 -2.391113 1.1652832
206093 50694103 -0.534179 0.8981933
40047 9854388 -1.654785 0.2701416
178627 43937658 1.3994140 -0.717895
177707 43710504 -1.384277 0.9560546
16680 4110026 -0.489135 -1.440917
184559 45393833 -0.052154 -1.214843
48318 11888294 -1.758300 -1.110595
94182 23170710 1.1936035 -2.534179
45422 11173414 0.3486938 1.6706543
201295 49517933 2.0766601 -2.826171
169605 41718292 1.3374023 -0.089187
95083 23393402 -0.690551 0.9803466
81357 20012608 0.5235595 -2.412109
90469 22253991 2.0107421 -2.731445
216246 53192753 1.9577636 -1.136962
108152 26603399 1.0117187 -0.905517
49232 12114108 -0.328002 -0.647583
152353 37475339 -2.005371 -2.306640
178826 43986644 -1.799804 0.0354385
2021 499023 1.8818359 0.8312988
12478 3072497 0.9580078 1.3039550
6300 1555539 0.8331298 2.5795898
58360 14359594 1.2199707 -2.568359
157188 38669125 -1.203369 2.7524414
195918 48190198 0.8839111 -2.619140
140669 34598879 1.3198242 2.4760742
252892 62207598 -0.183380 1.6235351
189031 46498071 -0.063415 -2.633300
231900 57040968 -1.444091 -1.528076
239045 58796981 0.4880371   1.34375
140188 34488338 -0.153747 -1.691894
5520 1362984 0.1777648 2.9487304
43986 10818713 -0.537841 -0.103088
141374 34772933 -1.949951 1.0249023
113507 27925774 1.1308593 -2.799316
188851 46453510 -1.722167 0.5971679
197266 48522982 0.5122070 2.8369140
212522 52273277 -0.638916 0.6608886
204302 50251886 0.0175666 1.5644531
158821 39063990 -0.236267 1.6835937
196052 48223310 0.7626953 -2.719726
32480 7994534 1.7163085 -2.322265
249895 61467621 -2.317382 -0.084579
