147 367459 0.7100830 -2.369628
14012 35028151 0.2232666 -2.590332
9523 23805110 2.2075195 2.0996093
477 1190434 0.3607788 2.1030273
28485 71210970 -0.104095 2.0952148
757 1892151 1.6533203 1.7150878
7884 19708450 -2.446289 3.1147460
678 1692802 1.2429199 2.1298828
1073 2680398 -0.134979 2.0913085
15869 39671540 -0.354187 3.0615234
15870 39673211 -0.483642 -1.369140
28156 70389572 0.8096923 1.5522460
27016 67538600 0.2222900 1.9714355
29634 74084242 1.2263183 2.1108398
9802 24503682 2.0019531 2.8798828
29981 74951221 -0.965820 0.8968505
17841 44601200 0.7011718 2.5917968
29745 74362243 1.7976074 -2.527343
2022 5053210 -1.949951 -1.541748
12200 30498821 1.0488281 -0.713623
4461 11150957 1.1040039 2.5566406
11723 29305302 -0.384277 -2.759765
1992 4978517 1.7060546 -1.585693
15947 39865072 2.1977539 -3.087890
4809 12020449 -0.761840 1.9853515
28169 70420756 0.5578613 -2.669921
25548 63869776 -0.474853 -1.025878
28498 71242532 -1.722412 -1.922119
6183 15457345 1.0791015 0.6594238
17668 44167536 0.0692749 -0.748413
17351 43376590 0.2581176 -0.440673
22852 57129598 0.4932861 1.0329589
27917 69791588 1.1083984 -0.107131
27922 69804768 1.6022949 -1.942382
11658 29143238 -1.430419 -2.017089
14542 36354761 -0.751342 2.1059570
14544 36357987 1.6730957 1.8220214
20128 50318064 0.0882110 1.4506835
15874 39682897 0.8848876 -2.821289
16392 40977917 -1.751953 -1.715087
26285 65712231 0.7567138 -2.915039
25011 62525381 1.9545898 1.5185546
28729 71821372 -1.574218 2.4497070
26802 67003490 1.5859375 -2.577636
22564 56409199 1.8767089 -2.100585
22580 56448675 -0.376464 -2.213867
9312 23277508 0.9954833 -1.138183
25425 63561727 -0.350585 -3.009277
12864 32157793 0.9083251 0.6441650
23817 59541974 -0.581787 2.6977539
20071 50175841 -0.677734 -0.710815
16013 40031883 -1.358642 1.2817382
773 1930337 0.4584960 -2.045898
17933 44830141 -0.436401 -0.377441
13634 34083753 -1.233154 -0.200622
17250 43123301 -0.182006 -0.355407
12899 32245323 0.5748291 -2.166503
18300 45747999 1.0524902 -2.673828
14187 35466038 -2.273437 -0.303344
17646 44112598 -0.422546 -2.034179
14512 36278952 -0.654663 0.2691650
1326 3313673 0.4910278 1.1530761
23653 59132401 -1.615966 -1.878906
4962 12402785 -0.397216 -2.773925
12727 31816153 -1.284912 0.3878784
16920 42299270 -2.384277 -0.044921
12664 31659937 -1.378662 -0.602905
2997 7491334 -1.385498 -0.605224
5244 13109024 -0.510131 0.3337402
6381 15952239 1.3369140 2.0009765
7995 19985529 -0.670043 0.5721435
8239 20595574 -0.792724 -0.117889
18313 45781157 -1.095458 -3.105957
3878 9694666 -0.816406 -1.175781
18381 45951868 2.0917968 -3.045898
4793 11981276 0.6982421 0.3317871
19236 48089074 -0.724731 -0.385009
13691 34225449 0.7915039 2.4819335
7992 19979286 -0.118606 -0.082977
4999 12497108 0.2549438 -2.588378
11110 27772699 -0.601928 2.3510742
10331 25826597 -0.004088 3.0805664
14494 36233968 0.8978271 -2.632812
14402 36002719 0.1755981 0.9841308
14403 36005994 0.8349609 2.7045898
6940 17348988 0.2684326 2.6499023
15600 38999269 0.8244628 2.6982421
27364 68407919 1.7543945 -1.521484
23832 59579486 -1.849609 -1.642089
27809 69520966 -1.204589 2.6103515
21268 53167667 0.6280517 -1.929443
21268 53169883 0.7296142 -3.002929
11265 28162218 0.8537597 2.4511718
19249 48121003 0.2373962 -0.987426
25611 64025843 0.5516357 -2.737792
14533 36330630 -1.110595 -0.160095
14166 35414909 -0.414245 2.7807617
14170 35424971 -1.703369 2.5996093
18803 47005138 -1.724365 1.7907714
27600 68998897 -0.750854 3.1284179
17645 44111668 0.0217361 2.3847656
20760 51897779 -0.659179 0.2014160
8863 22156096 2.4443359 -1.368652
10213 25530240 0.7032470 3.1044921
18391 45975572 1.1206054 1.0637207
18136 45339962 -1.437011 0.5190429
12678 31694709 -0.112442 -2.774414
13814 34533190 -0.519409 1.2309570
24731 61826583 -0.312194 0.7275390
18703 46756059 -1.355712 1.5163574
14640 36598566 1.1601562 -0.285217
23370 58422985 1.6472168 -1.172363
17731 44325683 1.1657714 -2.790039
18033 45081469 0.5445556 -3.045410
12701 31751274 -1.314208 2.4199218
13505 33762163 -0.350769 2.4296875
13289 33222194 0.3286132 1.1076660
14207 35517023 -1.302978 1.7324218
23849 59621145 -0.485412 -2.941894
21934 54832741 0.6164550 -2.363281
19642 49104145 1.2834472 -0.861450
19642 49104771 -0.118896 -2.800292
23177 57941543 1.9345703 1.1804199
21145 52862373 0.9593505 -3.122070
22943 57355967 -0.299804 0.4399414
20719 51797302 0.8803710 2.5610351
17751 44376622 0.4528198 -1.052490
17760 44398128 1.7211914 1.6306152
1665 4160172 2.1879882 -0.858032
10956 27389212 0.2094116 -1.546875
27271 68177258 -0.433959 1.6972656
27381 68452271 -0.097885 -2.678710
5343 13355323 -0.984375 1.8422851
22477 56191327 -1.927490 -0.334655
2345 5861384 -0.791015 1.5234375
24103 60256687 -0.759765 2.6977539
6222 15554097 1.1992187 -2.598632
5647 14115670 -1.114746 1.1225585
10191 25476347 1.8173828 -0.889038
6305 15762229 -0.609497 -1.988525
6376 15939044 -2.262207 0.2951049
25473 63681711 -0.332153 -0.843994
25536 63837863 0.0806884 -0.824340
8671 21675610 0.6658935 0.3316650
6143 15357327 -0.187133 2.9272460
13371 33425559 -0.385437 -1.616455
14821 37052194 0.5639648 1.7387695
11924 29809971 0.1578063 -1.792236
5762 14402595 1.5793457 1.2319335
5764 14407889 -1.108642 2.0908203
10018 25044084 -0.716308 0.2265319
10477 26190451 1.3540039 -0.027130
10262 25653541 -0.715576 2.7221679
8657 21640319 -0.855957 0.9926757
21442 53603473 0.0178756 -1.116699
5511 13777096 1.6337890 -1.854248
5514 13783661 0.3048095 0.6506347
29395 73485669 0.8840332 -2.158203
25500 63749013 1.5615234 1.6599121
22989 57470038 -0.748168 -3.119140
12496 31238704 -0.120040 -0.772338
27746 69363690 0.0692596 0.9608154
5895 14737488 0.6435546 2.3691406
8782 21952519 1.2023925 0.4966430
28808 72018434 -1.914794 -1.134277
25356 63388355 -1.999511 2.9199218
29695 74235864 0.4920654 2.0791015
10633 26581918 0.1342773 1.9067382
11249 28121997 1.2487793 2.4731445
12470 31173903 -1.255371 -2.226074
13690 34224460 -1.646972 -1.985107
19526 48813773 -1.833740 -2.403320
21686 54213868 -1.637451 -2.801757
22 52567 2.1142578 0.8660888
614 1533821 0.1928100 2.5302734
1182 2954021 -0.887207 3.1157226
17542 43854411 0.1262207 1.5693359
12685 31712468 -2.333984 0.5230712
6865 17160209 1.1137695 -0.255004
8977 22441362 1.1730957 1.4133300
21049 52621386 1.1879882 -1.490478
9673 24181976 -0.509277 0.4302368
26841 67101847 1.8395996 0.8376464
24955 62385569 -2.010253 -1.699462
5424 13558660 -0.287963 2.3051757
17885 44711968 0.7279052 1.2246093
9989 24970532 1.5759277 -2.196289
21153 52882338 0.0316467 0.9660644
21156 52889914 1.0688476 -1.364990
8961 22401080 0.5872802 -2.674316
16776 41939198 -0.694335 -1.272216
16777 41941455 -0.328186 2.9248046
28444 71108072 -1.009033 1.6125488
12812 32029940 -2.064453 0.8630371
1051 2627390 -0.056854 2.8789062
2085 5210115 0.0884094 1.0341796
7923 19805893 0.8164062 2.8920898
18239 45596236 -0.035346 2.5659179
18239 45597261 -0.996215 1.6193847
23426 58564447 0.5628662 -2.521484
4799 11995760 -0.047172 1.2558593
4799 11997073 -1.123291 -1.293457
2794 6983542 0.4083862 0.9736328
3366 8412741 -1.269775 2.6948242
3681 9202428 -1.401123 0.1448974
18873 47180119 1.7692871 2.2773437
9469 23672302 -0.497314 -2.460449
5431 13576036 0.5854492 -2.046386
18704 46758618 0.5362548 -1.976806
23605 59012248 -1.029541 -0.605346
14468 36168110 0.2705688 2.0688476
27455 68636547 2.0576171 3.0175781
27473 68681325 0.4500122 1.8093261
23070 57673694 2.1254882 -2.666992
10379 25946665 -1.897949 1.9494628
24399 60996637 1.3063964 0.3043823
12638 31592930 -0.362976 1.2365722
12941 32351751 -0.232513 -0.786010
22559 56397119 -2.134277 -2.418945
17267 43165414 -1.179443 0.4310302
19034 47584009 -0.356445 0.1462707
19048 47617990 -1.990234 -2.323242
19775 49435144 1.6271972 2.6142578
27882 69702692 -0.699707 2.2641601
17784 44459340 -0.607421 -1.102539
27252 68128701 0.3549194 -1.204345
7942 19852624 -1.204589 2.9667968
10796 26989948 -0.921386 -1.780761
10841 27101239 1.0490722 -2.848144
168 418830 -0.067962 1.6223144
19616 49039395 -0.510131 -0.144989
14482 36204681 1.8691406 -2.429199
11511 28775237 2.3452148 -2.253417
7498 18744477 -2.485839 -2.949218
24834 62083948 -0.327819 1.7004394
8297 20742005 -1.154785 1.4108886
21103 52756348 1.7172851 2.0952148
852 2127965 2.0146484 -2.185546
852 2128274 -2.269042 2.7641601
2184 5458802 1.0246582 2.1855468
927 2316068 -0.706542 2.7226562
27816 69538154 0.2608642 -2.715820
19066 47663198 -0.063507 -0.966674
29282 73203604 -0.509521 -1.326171
1470 3674753 -0.532348 1.2441406
1659 4146631 0.1674804 -2.128906
21321 53301088 -0.891723 0.5886230
12904 32259711 -1.257080 -1.316406
3671 9177247 0.3144531 -2.162597
19792 49478123 0.2518310 -1.325195
3810 9523954 -2.125 2.8198242
20485 51210667 1.7702636 -2.849609
20579 51447433 -2.483886 0.3952026
13399 33495630 -0.126373 -1.210937
6462 16154352 0.8221435 3.1123046
20809 52020209 0.7315673 0.0050544
15710 39272741 -0.363403 -2.715820
11370 28422647 -0.015979 0.6010742
26675 66685488 1.6840820 2.6069335
25463 63655993 0.5073242 2.2294921
18899 47245600 0.1943969 1.2712402
24368 60919908 -2.350097 -0.345947
18134 45334628 1.6503906 0.1086730
24767 61915541 1.1052246 0.9194335
21513 53780890 1.1252441 0.2622070
12163 30407175 0.1160583 1.1672363
20474 51184607 -0.665161 1.5559082
28286 70713561 -0.692016 1.9748535
25047 62615484 -0.296142 0.6802978
23020 57547635 0.0149097 0.2646484
23020 57549755 0.9791259 1.7819824
11968 29918163 -1.288818 -0.529785
23201 58001004 -0.835815 1.1203613
22639 56595145 -0.834594 0.0937957
21228 53069955 0.0541534 0.1260681
22946 57364046 -1.729736 -3.125488
23829 59571537 0.2357177 2.3002929
25672 64178958 -1.440185 -2.753906
12428 31067529 -0.402587 -2.738281
11714 29284231 0.3200073 0.9532470
19286 48212563 -0.355224 2.5283203
19304 48258616 0.8198242 2.7001953
25593 63981277 0.8200683 1.6298828
21072 52679929 -0.407836 -2.009277
29224 73058818 1.2534179 0.9393310
27687 69217260 -0.437255 2.9848632
153 381691 -0.953735 0.7532958
165 412365 2.4453125 -2.862792
26020 65048344 -1.969482 0.4200439
25118 62793511 -0.342407 -1.414550
26034 65083570 -0.773315 -2.057128
26035 65085223 0.3618164 1.7470703
350 874950 -1.996337 0.0845794
13706 34263225 -2.159179 -1.838378
9046 22613940 0.4549560 1.9550781
11274 28184635 -1.239257 -2.253417
19357 48390870 -1.116943 -1.683837
19357 48391380 -0.650634 -0.154418
18922 47304367 -1.698486 0.7901611
2833 7080867 -1.195800 -0.716430
19356 48389747 1.6975097 -1.878417
17091 42725847 0.3929443 -3.019042
24236 60589891 -1.925537 2.5629882
24239 60595837 1.9426269 -1.175781
12100 30248141 -1.225097 0.7081298
11253 28130809 1.6765136 -0.910644
15086 37713886 -0.705688 -1.042236
3348 8367760 1.8251953 2.0361328
20641 51601512 0.9421386 1.4313964
16662 41654693 1.2844238 -1.274414
10928 27318178 0.3666381 2.3740234
4212 10528210 -1.571044 0.3864746
15880 39699507 -1.887451 1.3786621
27018 67544619 1.4445800 0.2084960
27925 69812284 -0.246612 1.9724121
11942 29854275 -0.734985 0.6864013
18884 47209971 0.1106414 2.2128906
9142 22853041 1.9589843 2.4404296
12585 31460833 -0.813232 -0.596191
22591 56476130 -1.926025 1.1303710
20155 50386223 1.8449707 0.4486694
8362 20902806 -1.606445 -1.570556
19632 49078823 -2.055175 -1.450195
11154 27884758 -0.111480 3.0478515
25029 62571110 1.0449218 1.5930175
25159 62895462 0.8897705 -0.416076
29999 74996485 -1.753906 2.1679687
27511 68776956 -0.595703 -1.522216
26128 65317534 1.7255859 -2.423828
191 476493 0.9732666 -2.895507
4571 11426235 0.0170631 -3.017578
790 1972537 -2.297363 1.1865234
1014 2532891 0.7037353 0.4993286
28852 72127806 0.8565673 -2.629882
29148 72869126 0.0276107 -0.197174
17232 43079517 2.1069335 -0.032852
520 1299060 -0.693603 -0.899536
674 1683295 0.1057739 2.9907226
3758 9394730 -2.46875 2.9067382
4483 11206850 -0.308532 1.6450195
4490 11224776 -1.418945 0.2539672
1079 2696222 2.1181640 1.6157226
9667 24166584 -0.299560 2.1450195
24740 61849562 1.9384765 -0.015020
9720 24298904 -0.748657 2.7226562
21637 54091390 -0.150024 0.0763397
28250 70623243 -1.023193 -1.032226
28392 70979665 0.3486938 -0.497131
8997 22490274 -2.332519 0.5146484
22769 56920311 0.2303161 2.1079101
22756 56888544 -0.988769 1.6350097
8515 21286019 -0.932373 -2.474121
26988 67469908 -1.326171 0.4085693
27430 68573925 -2.311523 -1.250732
10607 26515241 -0.180603 1.6005859
17312 43278519 -1.125488 2.2846679
15024 37559342 -1.061279 2.0161132
15732 39329400 2.0625 0.7971191
27071 67675682 -0.451843 1.8632812
27077 67692258 -0.166137 -1.329833
13979 34945842 -0.627685 2.9799804
15623 39057162 -0.825439 -0.727905
16934 42333466 -0.136352 3.0219726
28057 70140383 -1.971679 0.3010864
25571 63925943 -0.009569 -2.412597
27088 67718508 1.9653320 -1.079345
27089 67720888 0.5098876 1.2863769
15929 39822339 2.1367187 2.5908203
19021 47551224 0.2772216 -2.109375
24150 60373933 0.6329345 2.3691406
11263 28156475 0.2860717 0.3439941
13278 33193332 -0.992553 -1.055175
17762 44404967 -0.641845 -1.794189
23302 58253004 -1.102539 0.7980957
9834 24584161 -0.009862 1.3371582
22140 55347975 0.1510314 2.1528320
9337 23340396 0.4205932 1.6437988
23713 59282445 0.4334106 2.6074218
18335 45836775 0.6103515 -0.175018
2297 5740560 -1.154296 -1.919433
11951 29876913 -1.256835 -2.282714
11180 27949788 -0.165374 2.1083984
4908 12269518 1.1496582 0.1322937
12303 30755823 0.5114746 0.2708740
3008 7518496 -0.741455 0.3780517
3147 7865926 -1.337646 2.2070312
6137 15340411 -2.482421 2.4936523
29169 72920939 -0.382080 -1.188964
10393 25981503 0.7092285 -2.370117
3251 8126492 -1.253662 -2.84375
2042 5102632 0.9100341 -1.490966
21348 53369765 1.4594726 -1.282226
3695 9235682 -1.040771 2.7709960
14864 37157648 -0.274963 0.3979492
27763 69407355 -0.294555 0.2725830
29379 73445149 1.0100097 -2.134765
20739 51847428 -0.892089 0.1000823
2745 6861932 -0.049087 -0.120223
3765 9411934 1.2243652 0.2859497
4054 10134378 0.9028320 -1.974609
4055 10136782 0.6378173 -2.475585
12416 31037708 2.4785156 -1.501953
12419 31046426 -1.979980 2.5019531
5389 13471288 0.2396545 0.3294677
14942 37353389 -1.147216 0.5213623
2946 7363156 0.1739501 -0.632324
2947 7365696 -1.036376 -1.338623
2948 7368864 -1.352294 2.7841796
21090 52724954 -1.618164 1.8828125
21028 52568702 0.5650634 -0.667236
10442 26103489 -1.289306 -1.625
10443 26105393 -0.304565 -0.955810
6400 15997864 -1.562011 2.1826171
6401 16000403 -0.393615 0.6413574
12138 30343412 -0.304931 0.6601562
12141 30350030 -0.068939 -0.267761
6405 16011177 -1.658447 -0.610107
12371 30926913 -0.686035 -1.284667
21831 54577314 1.9128418 1.8430175
18366 45912645 -2.080566 -3.099609
18370 45922553 -1.061279 -0.803588
12342 30853182 -1.160888 1.3947753
26038 65093413 0.9821777 1.3815918
26038 65093868 0.5572509 0.7075195
22195 55485553 -1.825927 -0.887939
13266 33162985 -0.618041 -1.502685
16477 41190529 0.8542480 -2.636718
12068 30169985 1.8234863 2.2724609
10089 25220223 0.4319458 2.9243164
23362 58404815 -0.591430 -2.359375
23936 59839952 -0.347412 2.9780273
23938 59844639 -0.604858 0.2651977
23119 57796139 0.2276611 2.2958984
27718 69294837 -0.793212 -0.044738
19312 48279892 0.5102539 1.0085449
12956 32389108 -1.022705 2.3305664
29814 74533443 1.4079589 -1.017089
20374 50934087 1.4321289 0.6959228
18764 46907693 0.6323242 -2.991699
21763 54406403 -0.058837 1.4514160
16034 40084846 0.1093292 -0.630249
13272 33179136 -0.726318 -2.043457
23140 57848428 -0.4375 2.3613281
17521 43802181 -1.729736 -0.389526
27358 68392869 1.8613281 -1.031005
25637 64090914 -0.256530 -3.110839
24025 60062197 -0.171203 2.5302734
21691 54226023 -0.821411 0.8123779
24009 60020287 0.8565673 1.6293945
23496 58738743 -1.337646 -1.596191
17723 44307128 2.2753906 0.9379882
20286 50713577 -0.968383 0.5537109
24871 62175337 2.28125 -1.371826
29450 73623665 -1.381591 -2.945312
27045 67610177 -0.611938 -1.144775
18345 45862031 1.5734863 -2.244628
19366 48413702 -1.086425 2.2880859
17681 44200873 2.0209960 -0.065979
17682 44202665 0.5092773 2.4321289
18841 47102220 -1.818847 -2.240722
20353 50881251 -0.123031 -1.357666
24617 61540817 -2.004882 2.9160156
21192 52978057 -1.260009 -1.936523
13407 33516640 -1.727050 -1.309082
17175 42936055 0.5776367 -1.069335
17175 42936092 -0.710693 2.5380859
8458 21143808 -0.890502 2.2641601
18731 46825997 0.5804443 -0.573974
18731 46826799 1.09375 -0.498535
5187 12965483 0.0117588 -0.824951
18725 46812461 0.4400024 -1.285888
18090 45223742 0.5380859 -2.184082
5382 13453739 -0.655761 0.3438110
4110 10273150 0.9536132 -0.338867
4113 10280915 -0.627197 0.6405029
3134 7833869 -0.560058 -0.940307
6038 15094790 0.8076171 -0.391784
8899 22246325 -0.582763 0.1123809
12315 30785597 -0.250488 -0.922241
12843 32105398 -0.534179 1.0170898
17910 44772995 -0.729370 1.2534179
12667 31667463 -0.718994 -1.419677
20349 50871905 -2.028808 -0.378967
22664 56659926 -1.237060 -1.638427
23952 59878807 1.6228027 2.3740234
25871 64677104 -1.694335 -0.715454
11646 29114385 1.3608398 2.9780273
12430 31074088 -0.433532 2.6528320
13592 33978679 -1.315917 0.4089355
23969 59921220 -0.195678 1.6359863
12893 32232198 -1.616699 -1.248291
14194 35484204 1.4316406 -2.110351
27397 68491480 1.6315918 2.4057617
26582 66453903 -0.460632 -0.983764
22828 57067715 -0.685058 -3.133300
75 187373 -0.103805 0.6416015
3614 9033526 0.2462768 2.7519531
1214 3032898 -1.105712 2.2153320
18750 46873707 1.0187988 -2.964843
6022 15053774 0.6152343 -1.094726
6025 15061748 0.0586624 3.0317382
12588 31467857 -0.196380 1.8276367
12588 31468292 -1.067382 0.3684082
20395 50985906 1.1547851 -1.714843
13693 34230119 0.7044677 -0.640991
11666 29164606 0.0212898 1.6496582
14913 37282151 -0.170379 -1.695800
14903 37255223 0.6358642 0.6519775
5559 13895283 0.2673339 -2.971679
14795 36986994 -0.346496 -0.393310
18119 45295656 -0.643798 -0.043312
23244 58109774 -1.052001 2.3168945
23584 58957933 1.5742187 1.9316406
20496 51237666 -0.225585 0.9006347
14560 36399626 0.9107666 2.4731445
13060 32649446 1.0339355 0.8775634
13576 33938529 2.3754882 -0.814086
27594 68984142 -1.697998 2.0136718
7530 18824536 1.3073730 0.0627288
17821 44551321 1.2045898 2.0683593
29990 74972525 -1.739746 1.1359863
10143 25356750 -0.227966 1.1572265
13773 34430519 0.4338378 -0.460815
8749 21871848 -1.719238 1.6877441
12715 31786392 1.0302734 0.8984375
21083 52706446 0.8261718 -2.792480
23457 58641057 -0.645141 1.8188476
12288 30718127 0.2705688 2.0708007
17583 43956476 -0.347778 2.7192382
29333 73330926 -0.712036 -0.208740
23626 59063614 -0.494812 -1.330810
23626 59063759 0.7408447 2.1542968
17920 44798179 -0.267272 -2.804199
21983 54955033 -1.814453 2.2910156
377 940454 -0.189666 3.0043945
518 1292787 1.1599121 -2.747558
14164 35409616 -2.457031 0.7006835
574 1433149 0.0546875 -1.944091
4278 10692987 -0.406921 1.9821777
28202 70504799 -2.016113 -1.192382
874 2182992 -0.051689 2.9453125
20838 52093434 -2.239257 -0.915527
8994 22482703 0.3884887 -1.004150
13365 33411887 0.7442626 0.6857910
4892 12228674 -0.344482 3.1411132
21318 53294639 0.8032226 1.6704101
24748 61868832 -0.038024 -1.019042
27859 69646468 -0.458679 2.8559570
14807 37017415 -0.103958 -2.865722
6920 17299435 -1.40625 1.4934082
10603 26507182 0.7781982 2.1049804
2939 7345440 1.0598144 0.6091308
19771 49426710 1.2822265 0.1950073
14068 35167871 2.0190429 -1.251220
12347 30865844 -0.095336 -2.979492
12347 30866397 1.3466796 -0.156707
10361 25900165 0.3398437 -2.087890
10169 25421732 1.0622558 -1.646240
17937 44840553 -1.748046 1.9396972
17938 44842711 0.8801269 1.1921386
20779 51946786 1.0075683 2.8891601
25844 64607703 -0.148681 -1.756103
25845 64610052 0.3267211 -0.202728
23539 58846641 0.6265869 -1.094726
17378 43442677 1.1281738 -3.070800
2262 5653524 -1.409667 -2.941406
1263 3156426 0.2400817 -0.282287
27481 68700962 0.3540649 -2.270019
29484 73709224 -1.812255 -2.635742
16445 41110262 -0.606201 -2.863281
9881 24700324 1.7622070 1.3269043
6619 16546788 1.3715820 2.0922851
24068 60167589 2.0458984 2.8452148
24070 60174015 0.1239624 0.1774291
28695 71737353 2.4477539 -1.364746
3398 8493740 2.3339843 -1.700683
28515 71286585 0.8541259 1.2924804
26534 66333502 -1.760009 -1.323974
3553 8882072 0.5347900 -2.185546
26749 66872066 2.1269531 2.7446289
28633 71581645 -0.322998 1.8701171
3581 8952030 0.7225341 -0.070388
26780 66948348 -1.952880 -1.017089
3585 8961726 0.5234375 2.1196289
16387 40965919 0.7575683 -2.964355
16761 41901048 -1.182861 1.4086914
28420 71048847 -2.307128 2.5063476
5829 14571519 -0.283020 -2.444335
28040 70099389 0.9776611 -1.374267
5284 13209000 -0.557861 0.4586791
5285 13210759 -1.652343 0.6857910
6616 16538511 2.0507812 -2.823730
25555 63887050 1.3935546 2.8056640
28254 70634128 1.7944335 -0.888061
28670 71673245 -0.143096 2.1821289
26955 67387117 -1.627441 2.3789062
19882 49704561 0.9426269 2.0776367
8875 22187289 0.0683593 1.1618652
29841 74601560 1.8168945 -0.887084
28098 70243737 1.9069824 -2.228027
29090 72723669 -0.495971 -1.002441
24646 61614129 0.5322265 0.5294189
9964 24908501 -0.845825 -0.234405
16871 42176403 -1.596923 3.1044921
6958 17394130 -0.205749 1.8049316
24658 61644868 1.6879882 2.8789062
5215 13036597 2.0200195 -2.137695
21835 54586308 1.1613769 0.1193847
23490 58724503 0.9951171 -2.463867
24453 61131930 -1.243408 2.4882812
23971 59926044 1.9760742 -0.477416
10756 26888856 0.5205078 0.6026611
11376 28439069 0.3676147 2.875
19817 49540632 -0.849243 1.2395019
11630 29073781 -1.280029 -1.498291
4083 10206239 -2.248535 -0.300109
3902 9753028 1.6494140 -1.130126
19399 48496529 1.6350097 -1.814208
24220 60548231 0.5224609 1.9787597
24344 60859145 -0.711669 -2.707031
21895 54736676 0.5632324 -1.605957
21916 54787757 -0.977416 -1.177978
21769 54420207 -0.512329 0.8360595
20535 51335607 -2.099609 0.5500488
14203 35505600 0.6064453 -1.310058
14410 36022784 -0.384399 -0.772949
17984 44959189 -0.723632 2.5502929
1672 4178897 -2.133300 -1.457519
1980 4949051 1.7834472 1.4802246
2040 5097657 1.2160644 -1.835205
4671 11675117 0.8092041 2.4648437
28213 70531986 -0.854003 -1.416992
28212 70529637 2.1997070 2.0195312
27402 68503656 0.1646118 -3.133300
3989 9971712 0.3002929 1.0483398
29794 74483835 -1.771240 -0.465148
11645 29110509 1.0678710 2.9536132
11691 29226084 0.3972167 -1.257080
27632 69079159 1.5664062 -2.510742
22362 55903373 0.3515014 -1.522705
22364 55908172 0.1166076 2.9804687
24195 60485647 1.3454589 2.0839843
10848 27119968 2.1850585 -0.860473
17991 44976079 0.8245849 2.4379882
15373 38430277 0.8299560 2.9008789
16378 40943294 0.9360351 -1.896240
25720 64297999 2.2705078 -1.377197
27282 68204413 1.1235351 0.4310913
29885 74712106 0.7457275 -2.215820
18211 45525705 -0.890380 -1.574707
14210 35523074 -1.034912 0.6237792
25775 64436306 0.9710693 -2.945312
22450 56122973 0.9271240 2.9653320
22189 55470103 0.4033203 1.4431152
23973 59931642 0.9283447 -1.187988
23010 57522863 -0.936767 -3.105957
20152 50379017 0.2089233 -0.787475
29803 74505582 -2.454101 -0.524780
17973 44930605 -1.088623 2.3837890
263 655161 0.3034057 -2.349121
263 656178 0.1691284 -0.781616
13768 34417861 -0.255249 2.1098632
22135 55336200 0.0772094 -1.243408
9495 23737074 1.3625488 -0.450561
11041 27600550 1.3691406 2.3388671
8951 22375581 -1.057861 2.0908203
1928 4818619 1.7385253 2.2495117
10743 26855643 0.0834503 0.4374389
2576 6437565 0.6600341 0.0744781
8370 20923186 2.3833007 -0.808471
9606 24012752 0.4178466 0.0704956
13095 32737148 1.4150390 -2.740234
29034 72583145 0.5589599 -2.899902
15201 38001884 -1.428466 -2.086425
25543 63856059 0.9302978 1.9865722
26805 67010330 0.2743530 -0.676391
26805 67012497 1.1843261 -1.242675
731 1825440 -1.40625 -0.221923
9641 24101069 -0.621948 -3.033203
18876 47189422 -0.373718 1.9267578
17404 43507650 -1.953369 1.0078125
8217 20541625 -1.419677 -0.658813
7225 18060725 0.5683593 1.5185546
7237 18092461 -1.007812 0.9010009
12049 30120408 -0.945190 2.4614257
9824 24557522 -1.058105 -1.027099
7810 19524594 1.2182617 -2.374511
8696 21737550 -1.341552 -2.312011
13162 32903007 0.2883911 2.1337890
25446 63613991 -0.798095 -1.196533
25446 63614066 0.5628662 0.8753662
21954 54882732 -0.301269 0.8325195
29288 73219870 0.1158599 1.7341308
16854 42133184 -1.133300 0.3071899
28200 70498830 0.4077758 1.4453125
619 1545930 1.0427246 -2.672363
9829 24572058 -0.268005 1.0334472
15073 37680888 -0.650146 3.0771484
2236 5587808 -0.141387 -2.461425
2223 5557210 1.2956543 0.0117187
2198 5494411 0.9312744 1.7624511
18706 46764299 0.3661499 1.8771972
28195 70486468 -1.065673 -0.807006
2669 6671401 -0.915039 -1.020019
8234 20583431 -1.145263 0.8527832
2570 6424519 0.6018066 1.3488769
29204 73008465 -0.284545 0.5616455
27610 69024993 -0.273681 -3.033203
3354 8384332 1.7507324 1.8598632
15908 39769932 1.6423339 -1.854492
3317 8292092 -1.360351 -0.770019
10852 27129232 -1.775878 1.9482421
10761 26900243 -1.227050 3.0488281
11779 29446002 -2.140625 2.5009765
29869 74672461 -1.195312 0.4088745
6502 16252611 0.7166748 1.4301757
6994 17484715 -1.137939 -1.300292
7344 18358318 0.0858001 0.8253173
22266 55664298 -1.261230 1.0253906
8702 21754191 -1.759521 -2.041503
7862 19653353 2.3027343 2.4809570
8304 20757845 -2.132812 2.8618164
28603 71507325 0.4976196 1.0017089
19674 49183516 1.3813476 -0.155090
10317 25790216 0.5001220 -0.661499
10320 25797676 -0.555908 0.6552734
10987 27467274 -0.588378 2.4516601
13648 34119569 1.0808105 2.6040039
15995 39986788 -1.802001 1.2319335
21182 52952508 -1.715576 2.5942382
22083 55207259 1.0803222 -1.053955
20268 50667881 -0.115615 2.8359375
14423 36056888 1.9433593 2.2309570
14491 36225498 -0.762207 1.2792968
18618 46543835 -1.383056 3.0996093
23683 59205923 -0.748168 -3.135742
23525 58810017 0.9088134 0.0295219
10283 25706865 -0.773437 -1.501464
8953 22380683 -2.516113 -0.047859
26070 65174769 -0.429077 -1.329101
24715 61787468 -2.484863 2.5830078
5589 13971564 2.0527343 2.9536132
21837 54591755 2.0219726 2.6328125
22569 56422488 -0.194244 -1.758300
7366 18414673 -1.657714 2.0786132
24616 61537851 -1.641601 -3.124511
10572 26428510 -0.334594 1.7687988
1806 4513367 0.4916381 0.1932983
19556 48888290 -2.322265 -0.135406
15380 38447839 1.1083984 -2.311523
21635 54086740 -0.086990 2.5043945
2369 5922026 -0.929687 0.1952514
2506 6263373 -0.765747 0.5604248
2881 7201759 -2.435546 -0.103836
2883 7206276 -0.461059 -2.500488
3233 8080119 0.8352050 1.4699707
2844 7108701 -0.363525 -2.615234
8554 21383860 0.5402832 0.7517089
20450 51124311 0.3694458 1.1520996
22508 56269170 0.75 -2.915039
19452 48627721 1.0715332 -2.764160
23666 59164454 1.2041015 0.2276306
13283 33205785 0.7246093 2.2851562
29872 74678908 -1.752197 2.7636718
29872 74679947 -0.184478 -2.449218
14858 37143952 0.0261383 1.9299316
22969 57422305 -0.088012 -1.938964
26662 66653828 2.3168945 -2.005859
21245 53111483 1.7556152 2.0278320
22765 56911792 0.6234130 1.9890136
11966 29913275 -2.308105 2.2641601
6167 15416403 0.4999389 1.7092285
26010 65023520 0.5493164 -0.304138
1321 3300915 -2.332519 0.0018901
22864 57157687 -2.116699 3.1259765
26089 65220760 1.0219726 -0.612548
26999 67496920 0.5141601 -1.603759
22234 55584119 1.6408691 0.7315673
15180 37947581 -0.210754 1.6474609
1940 4849122 2.0253906 2.1030273
20529 51320226 0.0806427 -2.576660
20530 51323212 1.0869140 2.0751953
14993 37481469 -0.217926 1.0705566
25530 63824433 0.3336791 3.0600585
10971 27425505 -1.897460 0.5388183
13385 33460723 0.6320800 -3.001953
6173 15430241 -1.921386 2.03125
28720 71799833 -0.728149 -1.073486
22017 55041379 -1.633056 -1.325683
6453 16130433 0.5075683 1.0788574
5372 13429169 -0.635986 0.3477783
17848 44619164 1.9577636 3.0395507
20333 50832439 -0.556762 -1.209472
23355 58386238 1.2089843 -0.110168
11537 28840186 -1.859619 -2.901367
12846 32114982 0.4381103 -0.323791
13241 33100601 -1.186523 -0.700073
26572 66427629 -0.102600 -2.154785
8847 22116984 -2.237792 -1.895019
27654 69133788 1.6325683 0.3295898
20317 50790148 -1.785644 2.9252929
13966 34913484 -0.105819 2.4145507
13038 32593769 -0.707397 0.6474609
28738 71843757 1.1481933 0.9969482
20790 51974272 -0.210845 2.9179687
23989 59971778 -0.686645 -2.353027
24483 61206130 -1.627929 0.2647705
27789 69470394 -0.360168 -0.207336
141 351961 -0.564086 2.9077148
4919 12296584 0.8822021 2.2104492
4050 10123139 -0.427917 -2.913574
4050 10124474 -0.136199 1.1604003
605 1510724 -1.092773 2.2319335
5673 14181274 -0.446960 0.8162841
12866 32162751 -1.820800 -2.220214
23589 58972200 2.1425781 2.7529296
780 1949494 0.6274414 1.0395507
17797 44490307 -0.918945 -1.576416
17287 43216973 -1.817382 2.3686523
18481 46202354 0.7999267 -1.730712
20148 50368499 -0.656127 -0.350646
15977 39940027 0.25 -0.614746
897 2241345 -1.011962 -1.822509
900 2248473 1.046875 1.7260742
913 2281435 -0.380859 -1.183105
21274 53183783 -2.036621 -1.415771
29763 74406124 2.4868164 0.2087097
29765 74411765 0.5288085 -1.874511
9165 22910890 -1.234375 -2.263183
19280 48198550 1.8229980 3.0888671
4107 10266833 1.6335449 1.6982421
6228 15569841 -1.290527 -2.0625
3073 7680509 0.0585403 -1.371337
2955 7386805 -0.109420 -1.105957
28468 71169832 0.8327636 2.0278320
10979 27447406 1.0761718 -2.230468
17053 42630907 0.1361389 -3.135253
3942 9853750 1.2133789 0.2776489
4327 10816867 -0.318237 -3.111328
12476 31187652 -2.435546 -2.453613
18982 47454493 0.9993896 3.1401367
12505 31260461 0.4409179 -1.243652
18420 46047810 0.3903198 -0.848632
12330 30822555 -0.426757 1.9658203
12365 30911753 1.2949218 2.3120117
12365 30912340 0.3121337 1.3486328
5544 13857682 -1.135009 2.7080078
17663 44156437 0.6470947 0.3576049
18557 46391236 1.1765136 -1.889648
18668 46668035 1.4306640 -0.737548
9788 24468974 1.8710937 2.3374023
10998 27494197 0.2415466 -2.446777
15065 37661699 -1.458984 0.890625
21991 54975271 -1.016113 0.0465698
27207 68016222 1.1145019 -3.010742
19 45612 -2.187988 -1.057373
1272 3177759 0.6859130 2.0620117
19182 47954332 -0.764892 0.8382568
2403 6005837 -0.626220 2.6142578
6655 16637443 -1.054687 0.3119506
2540 6348649 -0.045066 2.9389648
3333 8331921 -0.007970 -0.823120
6122 15304043 0.6166992 -1.276367
4059 10146306 1.5744628 -0.992919
20116 50289943 -1.855468 -1.691406
14719 36795524 0.3756713 1.6232910
20917 52291718 -0.148742 -1.552001
24918 62293795 -0.628173 1.1350097
8925 22310753 -0.173522 1.8288574
24908 62269561 -2.329589 -1.058593
16816 42038101 -0.467590 1.9418945
19300 48248221 -0.397216 2.0283203
12752 31878665 0.2839355 -1.446289
13324 33308988 -0.496459 -1.156738
10062 25153384 0.5140380 -0.119323
19409 48520086 0.1835937 0.6975097
16790 41973138 1.4172363 2.8188476
11819 29545449 -1.569091 1.9492187
21426 53563786 -1.629638 -1.325439
16894 42232976 -0.585571 -0.161865
29235 73085475 0.6072998 1.8686523
12799 31996043 1.1667480 -1.358642
19070 47673351 0.7269287 -0.766845
20894 52233362 -1.607421 -0.171569
26117 65290318 0.0040435 -1.786865
18619 46546713 2.0380859 -2.736328
27368 68418602 0.7673339 -1.656494
24247 60615338 1.8044433 -1.617919
20544 51359236 0.0881805 -2.401367
20544 51359377 1.7751464 -0.727416
23964 59909282 0.9667968 3.0434570
23783 59456707 -2.09375 -2.028320
23786 59463734 1.1987304 0.0849456
22264 55657514 -1.937011 1.1303710
22264 55657694 -0.712524 0.8385009
23674 59183358 -1.582275 -2.365234
23402 58504922 0.0036134 -1.675292
6533 16330986 1.2478027 -1.751953
16957 42391503 0.3364257 1.7463378
485 1210308 0.6070556 -2.165527
24592 61478157 1.7995605 0.2880859
7399 18495772 1.0290527 -2.271484
29056 72638728 -1.665771 0.2581176
17558 43894471 -1.802490 2.1879882
7451 18625204 0.5943603 -0.676513
17471 43675125 -1.977050 -1.018066
24722 61804261 1.9111328 -1.588378
569 1421837 -0.109741 0.6224365
19007 47515978 0.5167236 -2.318359
1210 3022985 -1.325927 2.0537109
12397 30990784 0.5043945 -0.572021
23772 59429303 -2.047851 1.2185058
22272 55678043 -1.653564 2.2641601
1162 2904331 -0.223876 1.9030761
1019 2547336 -1.225830 -0.204010
29462 73652574 -0.182495 -0.912597
1438 3593879 -1.682373 -2.010253
20707 51765822 -1.860351 1.3625488
1449 3620971 -0.249328 -0.043601
19352 48378963 -2.272949 2.1191406
4953 12381531 -2.157714 1.5764160
2134 5333632 -1.207275 -2.602050
18149 45370330 1.7971191 0.3035278
23222 58053785 1.0351562 -0.313964
13394 33483547 -1.384277 1.1437988
10824 27058810 0.8041992 -2.490722
19992 49978800 1.0761718 1.1652832
19992 49979977 0.3671875 2.8232421
22050 55124377 0.5834960 -2.325195
20945 52361452 -2.423339 -2.950683
15504 38759321 -0.772094 -2.318847
20599 51496181 0.5366210 -2.182128
20727 51817196 -1.934814 -0.177886
10115 25286580 -0.038230 1.8166503
25740 64348902 0.6151123 -1.884521
25800 64498842 0.9552001 0.7183837
12716 31789719 -0.684570 0.4707641
26499 66247267 -1.057861 0.2398681
21108 52767917 -0.856079 1.3898925
25987 64965417 -0.866088 0.0594253
19995 49985096 0.9025878 2.5864257
25842 64603243 1.3898925 -0.316284
23193 57981615 -0.483642 -0.932250
14398 35994872 -2.118652 -1.835937
23382 58454515 -2.278320 1.8486328
22887 57215046 2.078125 0.9963378
