188659 46406237 -1.360839 1.8688964
35078 8635940 0.2049255 1.8715820
13479 3319692 0.3559570 -1.207031
217743 53562438 -0.520996 1.0703125
4978 1229074 -0.925537 -2.136718
5667 1399118 1.1481933 1.3945312
210477 51776516 -1.254150 0.8995361
111584 27450874 1.3200683 -2.540039
246210 60557631 -1.542724 2.4497070
209876 51628104 1.2380371 -3.097167
218252 53688037 -0.215728 1.2309570
214414 52740255 -0.815063 -0.926635
17288 4260184 2.0605468 -2.808593
27628 6796538 -2.151367 1.0310058
248202 61049477 -0.971679 -1.743652
47350 11649335 1.9355468 -1.754150
66001 16237924 -1.347167 -0.334045
90130 22170330 1.2607421 -0.866699
106992 26317113 1.8659668 2.8378906
194845 47925152 -1.269042 1.6074218
102025 25099099 0.8183593 1.7409668
101558 24983852 0.2225341 2.9409179
247571 60893576 -1.822753 2.3940429
242515 59653779 0.0376129 1.1535644
184736 45437507 0.5649414 1.5053710
166948 41062367 -0.839843 -1.068847
85191 20959133 -0.843505 0.2300720
150404 36994238 0.4686279 2.9404296
207291 50989984 -1.193603 3.0395507
92744 22815683 -2.143554 -0.990966
247937 60984126 0.7969970 2.3378906
127833 31446158 -1.595947 3.1020507
113793 27996319 0.9046630 0.8731689
230833 56777742 -0.298645 -2.692382
2959 730666 -1.597412 2.4624023
7994 1973627 2.3842773 0.2067565
145222 35722986 1.4291992 1.1220703
202264 49748635 0.9980468 2.4804687
240621 59186083 0.3560180 0.0342254
100386 24694228 1.5783691 2.3637695
249031 61254337 0.3132934 1.2114257
240664 59196586 -0.666259 -1.637695
249220 61300838 -0.900512 -0.202514
237216 58345348 0.8807373 -1.075683
201642 49603440 0.9761962 1.3049316
63424 15601381 -0.247314 1.0061035
198280 48773310 -1.176757 -0.708007
214842 52845850 -0.021484 0.2082824
121150 29804479 -2.057128 -0.987426
58931 14500443 -0.317932 -2.915039
119760 29461200 1.1538085 -2.909667
71413 17565773 -0.754028 -1.825683
245979 60500717 -0.225494 2.6972656
230676 56738801 0.9952392 -2.261718
63404 15596626 -0.743408 0.5856933
95138 23406940 0.8737792 2.7475585
111183 27351829 2.046875 -1.887451
88241 21704003 -1.668457 0.3828735
114785 28232848 0.8979492 -1.869384
164993 40587867 -1.440673 -2.889648
108327 26646778 0.7279052 0.5833740
226327 55673342 2.2163085 -0.458862
192332 47313098 0.0797729 -3.122558
164804 40541224 -1.634277 -0.528686
240281 59102103 -2.095703 -2.194824
215270 52951773 -1.207519 -0.802368
227740 56022310 -0.827270 0.6488037
15276 3763376 0.8923339 -0.625244
12186 3000376 0.5789794 -0.979125
3966 979216 -0.713500 -1.823730
27588 6786566 -0.452148 -2.416015
2595 640520 0.9464111 2.4096679
2513 620499 1.3181152 2.6191406
207200 50967568 0.4571533 -3.064453
215162 52924965 -1.062744 -2.603515
67776 16676057 2.4628906 2.1206054
244571 60161322 -1.353271 -1.369873
209882 51629786 -1.352050 -2.370605
44671 10987844 -0.479370 -2.638183
44679 10989741 -0.670166 -0.081665
171952 42297758 0.4722290 1.8896484
52602 12946128 0.3353881 0.4268798
214289 52709359 -1.760498 0.2702636
67519 16612645 0.6579589 0.3920288
154346 37967533 2.3525390 0.6680908
200258 49261890 -1.214599 -1.086181
198815 48905517 1.1325683 -1.159912
153874 37850825 1.3271484 1.4177246
232714 57242008 0.1636352 -0.281921
171743 42246132 2.3867187 -0.574218
150637 37051700 0.3549804 0.5697021
196441 48319388 1.3259277 -0.658691
148502 36532870 -0.398315 -3.105468
205869 50638761 0.7426757 -2.258300
168445 41431750 1.0144043 -1.446533
178178 43826779 -1.732177 0.0221366
231427 56924224 2.3793945 -0.935668
170747 42000261 1.2375488 -1.353271
220312 54188307 -0.777832 0.5577392
230868 56786245 -0.843994 1.9995117
225029 55352864 -0.827148 -3.041015
231415 56921331 0.8809814 -2.404785
172687 42479385 -1.311279 2.9638671
79405 19530562 1.2685546 0.1629333
180082 44296769 -0.060920 1.1206054
164046 40354209 -0.921264 -2.062988
153212 37687506 0.7498779 0.4294433
182569 44910907 -0.927001 2.3481445
99839 24559252 0.8596191 1.3754882
118725 29205807 1.3825683 1.0815429
85930 21141728 -0.903442 -0.144897
110656 27221785 -0.127471 2.8950195
187966 46235072 -0.733886 -0.174713
220626 54265745 0.0022630 -0.566772
220102 54136312 -2.030273 1.3598632
248264 61064809 0.3374023 0.4254760
127470 31356628 -1.831298 -2.091796
159732 39288982 2.4399414 2.7910156
140578 34576330 0.2722778 -2.729980
117854 28990736 1.5878906 -2.625
237172 58334476 2.0307617 -0.135131
232730 57245895 -1.592285 -1.994873
214489 52758900 0.2678222 2.1108398
114670 28204435 -1.043701 -2.771972
138515 34075283 2.1855468 -0.386047
70305 17292127 0.0727233 1.5927734
127899 31462508 0.0702209 2.4936523
84461 20778941 0.1025543 -2.661621
224379 55192511 -1.726806 3.0419921
126354 31081020 -1.291992 1.8415527
53463 13150352 -1.882324 0.7445068
135643 33366331 -1.374023 2.7490234
88839 21851658 -2.117187 -1.763427
77719 19122678 -0.647460 -2.329589
69312 17055293 -0.347106 1.5842285
116257 28596294 -1.390136 0.3787841
137024 33707091 1.8735351 -1.487548
194790 47911740 2.0263671 -1.705322
223343 54936670 0.2466125 -0.392822
134655 33122230 -2.082031 0.4779052
117961 29017136 1.2248535 2.9990234
155219 38183091 -0.520874 2.6030273
109502 26936956 -2.072265 2.0659179
119792 29469150 -0.474060 -0.279296
160120 39384649 -0.446594 2.7890625
161119 39631338 -0.629760 1.6323242
164135 40376078 -0.629272 1.6416015
143793 35370133 -0.104385 2.3569335
160389 39451110 -2.082031 -2.828125
164535 40474931 -0.499755 -1.707031
157902 38845538 1.7231445 0.2049255
227700 56012414 -1.741210 1.2011718
223283 54921814 0.4985961 2.7148437
248881 61217199 2.1699218 -1.661132
216324 53211962 1.6301269 1.1513671
242888 59745812 0.0576171 0.1638488
218097 53649624 -1.447265 0.3110351
234126 57590639 0.9323730 1.7939453
226824 55796099 -0.306335 1.5920410
217885 53597471 -1.845703 2.1713867
181531 44654499 1.1174316 -1.670654
17674 4346975 -1.399902 2.5268554
4376 1080341 0.2536010 0.1889343
2229 550304 -1.255126 1.6076660
34878 8586689 -1.082031 -1.627441
39586 9740611 0.8083496 -0.607055
110866 27273721 -2.047851 0.0308074
241193 59327196 -0.653198 2.5561523
13166 3242450 -1.167236 1.8786621
8354 2062753 -0.870605 -0.093109
155761 38316861 0.8157958 -0.265380
230490 56692798 1.9580078 -2.268554
16937 4173525 0.3956909 0.0876617
196771 48400800 -0.368896 1.3657226
29344 7220190 2.1748046 -0.077163
176802 43486952 -1.254394 -0.777099
177105 43561870 2.4638671 -1.616210
143585 35318855 -1.170654 -1.305175
228224 56141753 1.4558105 -0.090927
41941 10322175 0.5948486 -0.236236
213846 52600117 -1.267822 -0.494812
172909 42534219 -1.647216 -2.427734
150174 36937378 -0.540283 2.0698242
254058 62495505 0.5943603 -1.764404
27539 6774454 -1.845947 0.6492919
208545 51299583 -1.576416 0.7534179
61007 15012939 -0.622680 2.6333007
56115 13805214 2.1811523 0.6719970
56308 13852981 -1.030029 1.3442382
57669 14188792 -0.440429 -0.842041
190851 46947417 -1.031005 -1.469238
136932 33684568 -0.901245 -1.716552
24605 6058427 1.1926269 -1.068603
11165 2748158 1.1240234 -2.090820
192977 47472424 -0.837646 -0.261047
31824 7832559 -0.242645 3.1171875
252645 62146538 0.3270263 1.5473632
33650 8283321 -1.348144 -1.673583
58217 14324283 0.6975097 -2.338378
180897 44497945 0.7030029 -1.885742
41820 10292241 -0.896972 2.6220703
128146 31523442 1.0812988 2.2827148
101270 24912606 -2.438964 0.9293212
36214 8908070 1.6357421 0.9846191
103076 25358410 -0.142242 -0.306030
53237 13094548 -0.703613 0.0907897
74428 18310108 1.6611328 2.0581054
53788 13230613 -0.325561 1.7534179
146438 36023128 0.7642822 2.8046875
71605 17612996 -2.461914 1.5739746
145457 35780896 1.9279785 1.0185546
85157 20950852 0.6340332 -1.737792
57072 14041399 1.3105468 0.0428619
150184 36939771 2.3613281 0.9378662
218965 53864104 0.8896484 0.9862060
112919 27780450 0.8846435 -1.869384
231118 56847973 0.9180908 -0.071990
218207 53676792 0.4672241 -1.716552
107572 26460183 -0.327636 -1.527832
51327 12631296 0.0503082 -0.647583
73402 18056716 -0.636718 -0.313964
46376 11408754 -0.209442 1.2658691
240744 59216276 -0.401550 2.9677734
105995 26070816 -0.670288 0.6949462
40677 10010166 -1.405029 2.4892578
204428 50282930 1.6416015 -1.348388
147760 36349670 0.2340087 2.6225585
139375 34287572 0.1406860 -0.945800
74934 18435123 -2.015625 2.7783203
116112 28560420 1.1181640 2.7939453
51120 12580353 -2.039550 2.2822265
115098 28310118 0.1672363 -0.573852
85736 21093869 1.5874023 -1.006591
44942 11054848 0.9057617 -1.481445
78561 19330592 0.6734619 1.6950683
89596 22038399 -1.624023 -2.061035
179618 44182167 0.9764404 1.3166503
77832 19150671 0.2984619 -2.550781
82739 20353796 -0.063995 -1.640380
75517 18579080 -2.015625 2.0561523
174227 42859659 -1.250488 -0.576904
140221 34496520 2.0727539 1.4477539
108005 26567024 -1.354492 -2.926757
171823 42266105 1.3496093 -0.348510
144307 35497046 -0.089614 0.6318359
194269 47783039 -0.106491 1.8937988
108150 26603040 0.2443542 -0.738525
122315 30092027 1.7111816 -0.932128
193879 47686644 -2.270019 1.9538574
41385 10184971 -0.735717 -2.902343
221871 54573283 2.1083984 0.9858398
197292 48529400 -0.629760 -1.720947
88926 21872904 -1.898925 0.7551269
77577 19087708 1.9602050 -1.651367
62568 15390152 0.4516601 2.2924804
112450 27664566 -2.487792 0.2287902
99796 24548593 -1.209472 2.5229492
74722 18382706 1.2084960 -1.348632
45737 11251031 -1.394775 0.4283447
89404 21991128 0.6889648 0.4285278
93140 22913571 -0.743774 0.5452880
61448 15121891 1.6123046 2.2382812
69359 17066908 0.4732055 -0.462890
119773 29464388 -1.592285 -1.367675
100148 24635639 -1.301513 -1.328369
108593 26712316 1.1945800 0.2297363
111851 27516854 -1.621582 -3.116210
147587 36306981 -0.600830 1.1835937
187704 46170449 0.3950805 1.8588867
204228 50233626 -1.301513 2.0097656
7918 1954985 -0.740966 -0.990478
68133 16764163 1.7932128 0.6004638
111614 27458322 1.6955566 2.4326171
237419 58395367 -2.461914 -1.083007
107254 26381659 2.0883789 1.7399902
223695 55023511 0.1287231 -2.287597
248353 61086670 -0.038009 1.84375
154971 38121677 0.1068878 0.2149353
178778 43974956 -1.320312 -0.390625
245380 60361080 1.2456054 -1.353027
222878 54821725 -1.385498 0.8828125
116918 28759451 -1.151611 -2.440429
138198 33997067 -0.600830 0.2877197
252081 62007236 1.8110351 2.4599609
211164 51937874 -0.724975 0.9807128
175140 43085035 -0.702270 -1.221191
193776 47661241 -0.300476 0.9069824
149839 36854663 0.3131713 0.7934570
234287 57630453 1.3549804 2.0859375
240226 59088428 0.6542968 -0.409606
67590 16630206 0.1795654 -1.492431
112764 27742286 0.3314819 2.8271484
48795 12005994 2.453125 2.2338867
168129 41353727 0.2763061 -1.376464
210844 51858834 -0.548095 2.3129882
176126 43320035 -0.556884 2.6333007
189906 46714167 -0.442810 -0.348815
69915 17204117 -2.391113 1.1652832
206093 50694103 -0.534179 0.8981933
33841 8330712 1.2377929 2.0927734
191014 46987701 -1.150878 -0.034088
245672 60433183 -0.447875 0.1298828
12455 3066945 0.8924560 -0.116775
29470 7251166 -0.357543 -1.803955
40047 9854388 -1.654785 0.2701416
29116 7164021 -1.708740 0.0121002
161091 39624444 -1.368408 2.6582031
177577 43678313 1.1184082 1.7077636
34560 8508085 -1.418945 1.4965820
178627 43937658 1.3994140 -0.717895
22690 5585597 0.1745910 1.3452148
177707 43710504 -1.384277 0.9560546
177598 43683642 1.6455078 -2.900390
213539 52524258 1.8017578 0.4421997
16680 4110026 -0.489135 -1.440917
115158 28325054 -0.426452 0.5535888
203123 49960890 -0.621459 -0.093536
184559 45393833 -0.052154 -1.214843
58830 14475442 1.2980957 -2.291015
68053 16744432 0.5173339 -1.535644
67354 16571893 -0.058845 2.4570312
75689 18621563 -1.046875 -0.005867
48318 11888294 -1.758300 -1.110595
163235 40153849 -2.300292 -1.760009
248931 61229564 -2.200683 0.2398681
179117 44058634 2.3105468 -1.098876
236143 58088646 0.7379150 -1.709716
62405 15349898 -0.135314 0.9465332
94182 23170710 1.1936035 -2.534179
105452 25936892 -0.195495 -0.806762
73259 18021353 0.5266113 2.0991210
191244 47044594 -1.008789 2.7978515
185862 45715644 0.5593261 -2.589843
88303 21719326 -1.279785 -0.499145
79456 19543064 -1.819580 -1.588378
98218 24159014 -1.723632 2.1235351
49110 12083921 1.3256835 -0.193054
127573 31381988 -1.752929 2.2407226
45422 11173414 0.3486938 1.6706543
206649 50831382 0.0526275 -1.475341
201295 49517933 2.0766601 -2.826171
215104 52910760 0.3991088 -1.220947
134858 33172446 -0.893920 -2.630859
157774 38813949 -1.415527 -0.487670
169605 41718292 1.3374023 -0.089187
219338 53956223 -1.072753 2.1992187
95083 23393402 -0.690551 0.9803466
71348 17549533 -0.124847 2.6328125
111824 27510098 0.7912597 1.5444335
113559 27938678 -1.194091 -1.499267
236066 58069631 0.8372802 -2.501464
124329 30580948 0.9772949 -0.581298
16780 4134789 0.2614135 1.9746093
188124 46274213 -2.141113 0.9375
81357 20012608 0.5235595 -2.412109
90469 22253991 2.0107421 -2.731445
216246 53192753 1.9577636 -1.136962
251523 61869443 -1.907714 -2.211425
165594 40736319 -0.927978 -2.758300
86690 21329233 -0.293762 -2.338867
48528 11940155 0.5885009 -1.019531
163064 40111534 1.7224121 3.0761718
108152 26603399 1.0117187 -0.905517
215589 53030327 0.5639648 0.0265083
216870 53346833 -1.034423 0.5729980
49230 12113635 1.9670410 2.96875
49232 12114108 -0.328002 -0.647583
117156 28818181 -0.731079 0.5361328
52350 12884025 0.9536132 -2.955078
152353 37475339 -2.005371 -2.306640
164313 40420076 0.2679443 -1.969238
138528 34078408 -1.688964 0.6849365
145698 35840466 -2.460937 -1.339843
108517 26693564 -0.266418 -2.293457
153440 37743831 0.4338989 2.6494140
178826 43986644 -1.799804 0.0354385
7955 1964128 2.4414062 1.9736328
2021 499023 1.8818359 0.8312988
202484 49803004 0.9663085 1.0913085
12478 3072497 0.9580078 1.3039550
160099 39379556 1.0158691 1.8217773
94627 23280667 1.1916503 3.1064453
193545 47604291 2.4824218 3.0380859
13780 3394028 1.7458496 0.0014131
6739 1663863 -0.927856 -0.353393
6300 1555539 0.8331298 2.5795898
58360 14359594 1.2199707 -2.568359
157188 38669125 -1.203369 2.7524414
84020 20670263 0.9738769 -1.129882
178519 43910778 0.5802001 -1.229736
112627 27708403 -0.457275 0.9658203
144211 35473450 0.5925292 -1.067626
195918 48190198 0.8839111 -2.619140
150958 37130971 -1.065429 2.4599609
141817 34882179 -1.303955 -0.777343
148566 36548720 -0.592041 -1.667724
182426 44875547 -1.128906 -0.059928
115983 28528663 0.0426940 -2.697265
140669 34598879 1.3198242 2.4760742
252892 62207598 -0.183380 1.6235351
196341 48294611 -0.350036 -2.812988
209480 51530581 -1.966308 1.0239257
189031 46498071 -0.063415 -2.633300
215835 53091146 0.2065429 0.4765625
243956 60009422 1.8225097 2.8017578
231900 57040968 -1.444091 -1.528076
239045 58796981 0.4880371 1.34375
250444 61602978 2.2895507 2.2001953
24576 6051190 -2.416015 1.7094726
33560 8261251 -0.183319 0.7685546
975 240807 1.9421386 -2.149902
91054 22398458 -0.930786 -1.182128
7260 1792514 0.5799560 0.2944335
140188 34488338 -0.153747 -1.691894
2353 580837 -1.658691 2.3334960
18629 4582793 0.6676025 1.6425781
216998 53378358 1.0976562 1.4775390
5520 1362984 0.1777648 2.9487304
43986 10818713 -0.537841 -0.103088
165499 40712741 -1.708251 2.6020507
20629 5076822 -0.161102 -1.092285
95213 23425542 1.6057128 -2.407714
203744 50114145 -0.658203 1.0747070
141374 34772933 -1.949951 1.0249023
213186 52437072 0.1519775 -2.287109
201178 49488860 -1.591552 -3.129394
242419 59629989 -1.149658 0.3535156
31049 7641235 1.7287597 2.2055664
21858 5380226 0.6806640 2.3896484
251548 61875730 -0.049568 -0.405334
244350 60106694 -1.639892 -2.245605
113507 27925774 1.1308593 -2.799316
87537 21538583 -2.038085 -2.167968
46488 11436556 -0.302307 -1.984619
185823 45706054 0.3248291 3.1293945
186734 45930976 -0.707763 -1.622558
211507 52022494 -0.405517 2.9291992
188851 46453510 -1.722167 0.5971679
241126 59310687 -1.567382 -1.364501
197266 48522982 0.5122070 2.8369140
212290 52215725 -0.846679 -2.365722
212522 52273277 -0.638916 0.6608886
179420 44133351 -0.531616 1.0270996
204302 50251886 0.0175666 1.5644531
158821 39063990 -0.236267 1.6835937
206645 50830568 0.1804199 2.1679687
196052 48223310 0.7626953 -2.719726
211141 51932267 0.6945800 1.3476562
179547 44164870 0.5662841 -2.490722
57559 14161647 0.5333251 2.6767578
139794 34391057 -0.197326 1.8347168
139409 34296017 -1.113769 1.1240234
25715 6332650 0.0069665 -0.048881
32480 7994534 1.7163085 -2.322265
249895 61467621 -2.317382 -0.084579
35562 8747022 0.9951171 1.7805175
86309 21235335 0.9288330 -0.891479
41661 10253095 0.6717529 -2.522460
103422 25443866 -1.674560 -0.162078
86213 21211598 -0.232940 -1.898681
111160 27346194 2.3242187 -1.170166
72898 17932260 -1.245117 -1.545654
45656 11231179 -1.184570 -2.587402
143171 35216607 -0.481994 2.1044921
78339 19275669 0.5269775 0.0144462
114508 28164373 -2.384277 2.1791992
62808 15449345 -2.329101 -3.085449
114390 28135394 1.6738281 -2.413574
79821 19633445 -1.423583 -2.447265
103661 25502931 0.2903442 3.1108398
119120 29303217 -2.161132 -1.944335
3247 801787 -1.874755 -2.459472
101909 25070332 -0.217559 -2.898437
93032 22886868 -1.976806 -1.103027
13673 3367634 1.0187988 1.5583496
89465 22006045 0.7257080 -0.093490
105766 26014360 -1.347900 0.9090576
12871 3169694 0.5517578 0.4232177
217891 53598892 2.2382812 -2.9375
33563 8261859 2.1811523 2.0429687
221513 54484832 -0.867797 -0.570556
197345 48542503 0.5036621 2.1455078
52709 12964043 -1.192871 -0.050224
36935 9086008 0.0689544 1.2421875
99517 24479705 0.7827148 -1.019775
149748 36832112 0.0619735 -2.644531
153347 37720815 -1.944824 1.5112304
204714 50353543 -2.156738 -2.833984
222381 54699117 -1.951660 0.609375
232255 57128720 0.9683837 -2.113281
227273 55906964 0.4708251 -0.577636
231996 57064837 -1.649414 -1.121826
237264 58357095 0.6339111 0.7840576
10081 2480564 -1.244873 0.1282043
2977 734959 1.3256835 0.5701904
117103 28805274 -1.320068 -0.288635
3374 832946 -2.196777 2.3022460
93667 23043774 -1.396484 0.9572753
144022 35426778 0.4227294 -1.714599
208129 51196914 -0.667602 0.2324829
207471 51034491 -0.406616 1.5056152
22823 5618305 0.9047851 -1.266601
15019 3699885 -0.631225 1.0705566
122862 30227211 2.3613281 0.3561401
229621 56478454 0.3407592 -0.042572
148831 36614219 1.6391601 -1.958984
76544 18832581 2.0834960 1.0048828
10965 2698942 -0.345031 -1.906982
151923 37369072 -1.215087 0.5943603
209353 51499088 -0.767822 -1.020019
14291 3520262 0.2160034 -1.148681
34355 8457423 0.9084472 2.4018554
91566 22524867 -2.215820 0.4901123
83426 20523386 0.6121826 1.4501953
29131 7167587 -0.261535 -0.604492
192358 47319517 -0.606323 0.0774688
6670 1646872 0.3706054 2.5693359
3036 749590 -1.326171 -2.871093
141882 34898278 2.4067382 3.0224609
3643 899460 -2.251953 2.3847656
232438 57174014 -0.378784 -1.898193
11471 2823896 -2.106933 -1.515869
35280 8677437 0.4918823 1.8879394
219981 54106631 -1.933349 -1.268066
221403 54457621 -0.249084 2.3930664
28920 7115420 -0.189483 -0.396606
107994 26564537 -1.151855 -2.418457
83947 20652092 -0.864501 -0.824218
52308 12873447 -0.253540 -0.920776
193270 47536463 -2.082519 -2.143066
52863 13002133 1.3574218 -0.941284
58671 14436385 -0.517700 -2.267578
46643 11474713 1.6818847 1.9353027
104215 25639752 -0.164733 -0.680664
54617 13435416 0.5920410 -0.243347
73489 18078331 -0.854003 1.1516113
54062 13298292 -1.223632 -2.649902
138232 34005420 1.6855468 0.0238075
120172 29562975 0.4355468 -0.960327
154892 38102304 -0.963134 2.7861328
190439 46845881 1.1003418 0.9503173
174077 42822414 -0.696166 -0.340270
186549 45885174 -0.299926 -1.080078
57799 14220922 -1.997070 1.8591308
61086 15032554 1.2773437 2.8154296
176734 43470040 -0.371459 -0.778686
241653 59440776 1.6423339 2.6699218
