38088 76174021 -0.196166 1.2670898
10523 21045190 0.9930419 0.8919677
18618 37234010 -0.994506 2.6411132
39279 78557632 2.1362304 0.9257812
39684 79367579 -0.464172 -2.023925
34102 68202855 -0.292968 0.3975830
37322 74643514 -2.375976 2.1889648
26630 53259819 1.3493652 -0.503784
19903 39805575 -0.337158 1.0769043
41601 83200695 0.7281494 -0.879760
15804 31606575 0.9578857 -2.551757
27304 54607134 -1.219238 2.0502929
15039 30076528 0.6011962 -0.577392
20341 40681466 0.5847167 -2.294921
33886 67771868 -1.151123 0.4033203
43223 86444913 1.8234863 2.5673828
17196 34391632 0.2087707 -0.466003
15793 31584374 0.5427246 -3.000488
35359 70716882 0.6583251 0.8558349
34970 69938654 -0.259277 -0.980224
34970 69939131 -1.416259 0.2456054
37582 75163560 -0.504638 1.2312011
16701 33400095 1.0349121 -0.312377
16650 33298929 0.5185546 -2.951660
35223 70444294 0.4388427 -2.999511
40734 81467704 -1.696777 -1.542968
43404 86806092 -1.648193 2.2714843
16106 32210318 -0.795654 2.7607421
16439 32876321 1.2915039 -1.337402
9047 18093309 -0.182922 -1.488281
10955 21909908 1.3103027 -2.082031
9067 18132127 -1.566162 -2.770019
37060 74119589 -0.055366 -1.436767
27616 55231809 1.8798828 0.6140136
47725 95448903 -1.125488 -0.973510
47473 94945163 0.3306884 -2.829589
12902 25803201 1.7436523 2.2387695
9653 19304988 2.1411132 0.8684082
44449 88897907 -0.570800 1.7783203
16166 32330701 -0.923095 -0.943603
18005 36009574 -0.504394 2.4912109
29895 59788420 0.1856384 -0.911621
22822 45642712 1.6706543 -1.454101
18597 37193939 0.9017333 -2.990722
18598 37195229 -1.991210 -2.029785
49809 99617046 -0.035514 1.1835937
17684 35367401 0.0018730 -1.111816
35676 71351041 -0.427612 -2.500976
16342 32683130 2.0068359 2.8769531
27081 54160472 -0.165802 -0.751953
24007 48013695 0.2581787 -0.424926
38756 77510244 0.7952880 2.0341796
46574 93147882 -1.588134 1.8178710
30968 61934868 -0.198181 -0.122528
33344 66686002 -0.261840 -2.651855
38558 77114360 -1.613769 0.3790283
38559 77116980 1.40625 0.6357421
44404 88806979 1.2597656 -3.089843
39023 78045832 1.328125 -2.604492
37995 75988614 0.8471679 1.6284179
49632 99263192 1.3859863 2.6420898
13625 27248108 -1.726318 1.5939941
40816 81630170 0.0209693 2.1381835
44795 89589242 -2.487792 0.0364074
49641 99281479 -0.007688 1.8156738
48865 97728288 -0.928833 -0.251403
16930 33859203 0.3256835 -2.762207
40814 81627123 1.6362304 0.2152099
15357 30713239 1.4074707 -0.680175
47899 95796894 0.9245605 0.8323974
47901 95800109 0.2079772 2.9736328
48531 97061367 -0.872314 -0.826660
49603 99204313 0.1247100 -0.096252
49978 99955114 -0.314086 1.5881347
30280 60559860 1.1474609 1.9980468
45605 91209800 0.1886596 1.2531738
49385 98768321 -0.716186 -0.370727
49386 98770531 -2.291992 2.5097656
16797 33593959 -1.922363 -0.653930
49398 98794316 -1.445312 1.2573242
49822 99642992 -0.503173 1.9401855
37706 75410971 -2.492675 1.6394043
49918 99835002 0.1417236 -2.548339
48101 96200105 1.6655273 1.0922851
15888 31775405 1.5759277 0.2532958
32899 65797619 0.5771484 1.6420898
49161 98320281 -0.630249 -2.543945
43915 87829892 0.4003906 2.3740234
24959 49917528 0.8111572 -0.392883
23870 47739372 -0.091247 -2.480468
27188 54374567 0.3323364 -0.499145
27188 54375055 -0.069137 -1.105957
27514 55027984 0.1644287 2.4248046
33228 66454547 -1.337646 2.7832031
32952 65902768 0.7110595 -0.070556
36552 73102422 1.9252929 -1.482666
41165 82328033 1.9296875 -1.019287
294 586829 -0.454406 -2.500488
2979 5957415 0.2292175 -2.136230
20827 41653491 0.7635498 2.1323242
6667 13332732 1.6943359 -1.585937
6672 13343308 -0.050086 -2.898925
16120 32239840 -2.314453 -1.216308
11972 23943531 -1.25 1.3381347
37704 75407705 1.4252929 1.5336914
30965 61928733 -2.131347 3.1308593
30867 61733952 0.8221435 3.1269531
7379 14757307 2.3349609 -2.439941
37613 75225115 0.5180664 1.3820800
44842 89682101 -1.351562 -2.515136
19614 39227247 0.1746215 -0.634277
34495 68989977 -0.479003 0.9562988
8634 17267381 0.2218322 -1.273681
24995 49989786 0.3189086 -1.523437
27095 54188987 1.1672363 -0.781005
21472 42943540 -0.836425 0.6540527
21208 42415520 -1.635009 -1.580322
20218 40435411 -0.658691 -2.344238
21909 43816627 0.6677246 -0.632202
23323 46644341 0.7800292 2.9116210
29027 58052456 -0.781372 1.0551757
29028 58054044 1.7885742 -1.874023
30181 60361711 -0.017967 -1.761718
19113 38224268 -1.402832 -0.293701
19113 38225176 -1.129638 2.1479492
13903 27804824 -1.679687 2.1450195
19136 38270116 0.2468261 -2.041503
39726 79450879 1.0166015 -2.296386
43618 87235983 0.0152816 2.4956054
33199 66396085 0.0391540 1.4526367
38117 76233686 0.6983642 -1.974365
28658 57315961 0.7657470 1.9919433
32643 65284657 0.1766357 2.5014648
36235 72469391 -0.783569 2.3569335
40936 81871980 2.0053710 1.9458007
40059 80116662 -0.867553 2.9306640
25961 51921971 0.7913818 -2.953125
32740 65478841 -1.599853 1.0571289
26157 52313109 -1.917968 1.7324218
48414 96827584 -0.057815 1.8134765
1802 3602470 0.8684082 0.6241455
9426 18851564 -0.398193 1.9814453
21998 43995005 -1.894287 1.9936523
21999 43997829 0.9111328 -1.192382
3472 6943236 0.8347167 0.7199707
6016 12030843 -1.037109 2.7099609
6018 12034227 -0.067398 0.2307434
29770 59538613 -0.200469 -2.784179
43645 87289498 1.7783203 2.0913085
20686 41371215 1.8041992 -0.887207
38016 76030031 0.8601074 -0.851562
38155 76308631 0.5356445 -3.054199
7953 15905260 0.7880859 2.9873046
10638 21274020 0.3247680 2.2861328
7249 14497326 1.7697753 -0.517700
48766 97531823 -1.859130 2.0698242
9308 18614869 2.0942382 0.5651855
30642 61283193 0.1980896 -1.890380
17014 34026840 0.8094482 2.4418945
17015 34028151 -0.533325 1.0241699
10540 21079063 -1.186767 -1.357666
19397 38793811 -2.115722 1.2475585
10841 21681548 0.8299560 -2.796386
11700 23399415 0.8183593 0.6607666
35272 70543288 -0.690795 2.7221679
23858 47715395 -0.397277 1.1904296
48640 97279402 -1.761962 0.8347167
10157 20312205 1.8754882 0.9060058
41234 82467197 0.6966552 -2.520996
39094 78187361 -0.162292 2.5688476
20765 41529474 1.1257324 -1.636230
47197 94393046 0.4461669 -3.004394
40541 81080895 -0.743286 0.8245849
13997 27992048 1.9387207 -2.071777
26916 53831523 2.0620117 -0.083908
49938 99874345 -0.885009 -0.519042
27050 54099854 0.2260437 -2.201171
12330 24658722 -0.665405 -1.458740
17824 35647297 -1.324951 -3.040039
12345 24688395 0.4498901 2.6054687
49960 99918997 0.5173339 2.6123046
12539 25077442 1.1806640 -0.777709
17822 35643970 0.4528808 -2.940917
20415 40829436 -1.741455 2.2080078
28067 56132391 1.2158203 -2.520507
47984 95967230 -1.020019 0.7664794
29793 59585673 -1.995361 2.9248046
17740 35479887 -0.007064 -0.309875
49746 99491369 -0.324279 -1.830566
47704 95407393 -2.308105 1.4252929
47706 95410785 0.7357177 -2.580078
48115 96228045 0.4067382 -1.301025
18798 37595370 0.3099975 2.4604492
23029 46056837 -1.748779 -0.196868
22880 45758302 -1.243652 1.0275878
22929 45857458 -0.641723 1.4636230
28548 57094897 -1.606445 -0.351257
22981 45960862 -1.620849 -1.861572
46025 92049777 -2.359375 2.6235351
21462 42923130 -0.481689 -2.500976
41561 83121981 -1.294921 -3.040039
44863 89725548 -0.560424 -0.106964
38663 77324808 -1.313476 -2.574707
37727 75453500 0.9755859 -1.690185
47186 94371259 0.9251708 -2.193847
3047 6092743 0.1755981 -2.861328
5495 10988704 1.9289550 0.9078369
12246 24490612 -0.589233 1.0847168
6093 12185845 2.0576171 0.8997802
6094 12186422 -1.900146 1.9497070
45977 91953162 -0.639648 -2.426757
7275 14548179 1.0446777 2.6689453
19421 38841826 -0.311096 0.7214355
20776 41551739 -2.179199 1.9020996
43889 87776046 -0.055549 1.7170410
18873 37744319 0.0475997 1.0417480
40443 80885564 0.5355224 0.9747314
38062 76123721 -1.365478 0.1258544
20377 40753622 -0.027023 3.0805664
11310 22619670 1.2204589 -1.916748
8535 17068736 2.4272460 2.8134765
24901 49801584 -1.582275 -1.099609
27073 54144996 0.8590087 1.6137695
49438 98874945 -1.421875 -2.886718
49455 98909570 0.6031494 0.3613281
14741 29481365 -1.315917 -1.266845
29773 59545298 -1.319091 0.9569091
43870 87739245 -2.271484 0.2814331
22762 45522425 1.5812988 2.5805664
38487 76973106 1.8764648 0.0080223
43624 87246568 -0.252258 1.78125
31301 62601535 2.1416015 1.6340332
44671 89340266 1.8608398 2.7675781
49755 99509141 1.6530761 -0.875
37774 75547802 2.0253906 0.9106445
9225 18449930 -2.411621 -1.883056
9302 18603010 0.4486694 -1.752685
11480 22958370 0.6588134 1.7072753
36081 72160550 -1.741699 -2.895507
9212 18423669 0.3275756 0.6934814
18092 36182022 -0.631347 2.7426757
7614 15226192 0.1544189 -1.539550
19155 38308817 -0.582519 1.5397949
12386 24771826 -0.579467 2.1713867
9132 18263252 -1.590820 -1.372558
11505 23008295 -0.608398 1.8244628
28873 57745689 0.4930419 -2.174316
43234 86466742 -1.608398 1.3745117
24826 49650076 -0.221618 2.4155273
12285 24569681 -0.963012 -0.879760
27638 55275763 0.3199462 -1.624267
37541 75080303 1.9162597 -2.827636
40488 80974126 1.4260253 -1.892578
19255 38509691 1.3647460 2.7885742
28438 56875733 1.5832519 -0.388061
26119 52236969 -1.608886 1.4094238
40396 80790110 -0.425415 2.1450195
40436 80870325 -0.714965 -2.963867
43043 86084073 1.9990234 0.6312255
42713 85425689 -0.565307 0.2631225
31930 63858592 0.6971435 -1.441406
44318 88634372 0.6529541 2.5971679
48424 96847366 -1.182861 2.6025390
35937 71872103 -1.291503 1.1005859
32959 65917551 -0.126037 -1.435302
35250 70498632 -0.869140 -0.189727
30918 61835675 0.0190658 2.9306640
41141 82280680 0.7248535 2.1035156
36830 73658516 -0.444702 -2.477050
36832 73662846 -2.387695 2.1904296
36832 73663906 2.3466796 -1.264404
34937 69872710 0.5157470 1.7519531
41822 83642251 -0.998535 0.0027222
36122 72243999 1.3044433 2.0478515
18902 37803796 0.6773681 -2.005859
15335 30669426 -1.265625 -1.840576
31103 62204731 -0.425292 1.5654296
17567 35132486 0.2405090 1.7443847
46775 93549022 -0.874023 0.0533523
47679 95357600 -0.724365 -0.149719
14237 28472741 0.8953857 -1.460205
29648 59294545 -0.412475 -2.914062
12479 24957640 -0.548950 -2.302734
48054 96106252 0.2764892 -2.715820
45267 90532130 1.8439941 0.9488525
45270 90539751 -0.785278 -1.845947
46601 93201083 -0.334777 -1.419677
32824 65647493 -0.476989 -2.359863
15167 30332182 0.1319580 -2.787109
15167 30332924 0.6541748 1.4606933
15160 30318430 -0.392883 1.5461425
28370 56738231 1.9431152 2.3520507
40689 81377222 0.2860717 -2.580078
28494 56987411 -0.060668 2.6689453
22227 44452868 -0.090576 1.8173828
41759 83516917 -2.418945 1.6472168
35617 71232462 0.4047241 -1.289062
35815 71629422 2.0107421 1.8903808
729 1457436 -0.595825 -2.050781
5075 10148972 -1.934570 0.3130493
34462 68922295 -1.046386 2.3398437
37345 74688581 -1.117431 2.0063476
38383 76764426 0.5034179 2.3559570
38328 76655060 -2.092285 -1.030273
47607 95212064 -2.380859 2.1884765
12169 24336636 0.8585205 -0.162994
48433 96865296 -1.348632 2.4501953
48433 96865343 0.2543334 -0.986083
17132 34262320 -1.914550 -1.754882
7272 14542536 0.1809997 -0.783203
19654 39307167 -0.25 2.3789062
19655 39308097 1.8444824 2.2749023
11120 22238767 0.9252929 2.1699218
23937 47873675 -0.668090 -2.413085
31128 62255307 2.3618164 -2.074218
25781 51561628 0.4432983 -2.790039
47616 95230025 1.9692382 0.9211425
47626 95251074 1.5710449 -2.283691
7733 15464534 0.7607421 2.7480468
35346 70690254 -2.063476 -2.340820
49240 98478498 0.7041015 2.5244140
40324 80647017 2.0185546 -1.526855
40539 81077843 -0.275756 -0.250976
33533 67064362 -1.363037 1.7556152
45744 91486121 -0.211669 2.0385742
47785 95569290 1.0329589 1.2868652
48356 96711152 0.8414306 2.8979492
19775 39548619 0.3562011 -0.666015
10012 20023295 2.1557617 1.5317382
24369 48736804 -0.138671 -2.981445
17202 34403596 -0.084243 0.8177490
38207 76413593 -0.951293 -0.364257
38252 76503739 -1.759521 1.4101562
28058 56115206 1.3439941 -1.195556
13471 26941929 -0.350585 -3.009277
49927 99853230 1.3051757 -2.520507
17561 35120284 0.8105468 3.1108398
17289 34576295 -2.162109 -0.451538
17559 35116300 0.7142333 2.3525390
49531 99060756 0.7561035 -1.602050
34562 69122198 0.2520751 1.2194824
15111 30221717 -2.038574 1.1142578
35908 71815566 -0.329223 0.3475341
24729 49456811 1.9211425 -0.708862
13534 27066372 0.4930419 -2.997558
30856 61711508 -1.898681 -2.397949
48945 97889591 -1.041015 -2.278808
40522 81044000 -1.054931 2.2319335
49970 99938155 1.1286621 -2.099609
39126 78250386 1.0493164 1.5869140
15827 31652042 0.0821533 0.3861694
38767 77533497 0.9305419 -0.984863
47429 94856611 -1.035156 0.1496582
30326 60650512 -0.527954 1.2690429
45554 91106410 1.8427734 1.9560546
33084 66166778 -0.130981 -0.050910
29316 58630160 -0.084564 2.7910156
31390 62779627 -0.580810 -2.972167
29981 59961838 0.2669677 -1.921875
48833 97665477 2.0317382 -0.763916
29684 59366724 0.5391845 1.5461425
43642 87282769 -2.073730 0.8769531
43644 87287532 0.5075683 0.6536865
40964 81927169 -0.458862 -0.852416
32612 65223414 0.0358734 -1.053710
39325 78649626 0.0274887 1.7390136
27801 55601687 -0.056777 -1.718261
29856 59711994 1.7099609 0.7135009
47668 95335737 1.4428710 -1.830322
21084 42167785 1.6059570 2.8071289
31105 62209042 1.2827148 0.4598388
37401 74801717 -0.347839 -3.084960
33681 67360784 -0.661743 1.1745605
27673 55344136 2.4458007 0.8409423
38742 77482204 -0.662841 -1.379638
18756 37510108 0.9278564 -2.199707
30023 60045090 1.5942382 2.3725585
46865 93729570 -2.205566 -0.717285
34910 69818822 -1.174804 -2.676757
16241 32481048 -1.378417 1.2834472
16297 32593504 -0.753295 1.5412597
27022 54043089 0.0842285 -1.168701
47491 94980795 -0.325195 -2.019531
44669 89336542 1.2817382 2.1171875
30286 60570711 -1.358398 -0.649047
34191 68380637 0.8999023 -2.086914
34193 68384068 0.6594238 1.4291992
39312 78623310 -2.358398 -0.861816
39142 78282406 -0.255920 1.9738769
47752 95503581 -0.384338 -2.648437
29376 58751580 -0.823730 -0.792602
19899 39796705 -0.195190 -0.370605
21439 42876995 0.0668487 -2.680664
23266 46531164 -1.306396 0.3884887
31435 62869546 -1.735839 -1.114746
48314 96627923 -1.413085 -0.293457
48319 96637866 0.8317871 2.3403320
35242 70482066 -2.322753 -0.867309
30823 61645211 -0.554443 1.8168945
30825 61649373 -1.729248 -3.012207
29415 58829290 -1.347900 -1.613281
32542 65082889 -0.149383 2.9594726
30081 60160337 -1.114501 2.5913085
319 636444 -2.283691 0.5528564
1560 3119937 2.0449218 0.0805664
1556 3111238 -1.354736 0.4462280
508 1014949 -0.118560 1.7207031
17849 35696537 0.0153713 2.3808593
33619 67237292 0.6290283 -0.703979
29807 59613209 1.9958496 2.0849609
2905 5808953 -0.871215 -1.361083
2995 5989930 -0.631225 -1.096435
2639 5276815 0.9370117 0.2951049
3015 6029440 1.5830078 -1.388916
4790 9579933 0.9334716 -0.369689
5369 10736778 0.9020996 -0.591674
25424 50846503 0.6308593 2.3388671
36979 73956863 0.9105224 -2.650390
15448 30894449 -1.014160 -3.138183
23666 47330637 -2.481445 1.9619140
40032 80063916 -0.852172 -0.745117
40042 80082991 -0.879638 -1.304931
48526 97050456 0.3830566 1.9953613
19551 39100207 0.0663909 2.3666992
49276 98550162 1.3537597 0.5131835
39155 78308948 0.8859863 1.9409179
29046 58091882 0.3482666 0.9486083
41332 82662900 0.3636474 -2.689941
16503 33005739 0.9543457 -2.551269
16504 33006767 1.5812988 -0.625610
22906 45810368 0.2876586 2.2690429
25415 50829733 -2.451171 -2.850585
21805 43609623 1.5898437 0.2525024
23744 47487211 0.8077392 -0.308532
21625 43248204 0.8258056 0.3947143
23481 46960836 2.1616210 -1.231201
49300 98599735 1.8693847 -1.039306
44005 88009722 -2.106445 -1.973876
44099 88197048 1.0234375 -2.739746
30464 60926097 2.0786132 -2.103515
12396 24790124 -0.040206 -1.347412
14111 28221786 1.9338378 3.0644531
47466 94930760 1.3356933 -0.016132
46694 93386861 0.5578613 2.5004882
21134 42266890 1.0415039 2.1235351
24308 48614886 -0.308288 2.9311523
34658 69315167 -0.3125 -2.779785
11883 23765000 2.3286132 -0.153900
43597 87192491 -0.764526 2.9560546
30831 61661538 1.0739746 1.6127929
48199 96396069 1.1079101 2.6372070
48203 96405494 -1.628417 -3.056152
48204 96407043 -1.109130 0.3122558
48880 97759632 -0.612548 2.1875
38075 76149942 -1.657470 0.8062744
16604 33207916 1.1831054 0.3477783
16623 33245003 0.6251220 2.0717773
34767 69533240 0.5778808 -2.895996
45800 91598530 1.1516113 0.6668701
46380 92759633 -1.231201 3.0537109
31091 62180221 -0.479003 -3.099121
34709 69417525 0.8056640 -2.471679
29433 58864565 1.7138671 1.7814941
1689 3376787 0.9105224 -1.330566
1028 2055590 2.1879882 3.0751953
1380 2758264 1.0961914 -1.080322
1488 2975140 0.5549316 2.1362304
927 1853005 1.3381347 -1.521728
997 1993879 -0.558349 1.0214843
11105 22208726 -1.367675 1.1933593
6413 12824398 -0.216674 2.2612304
6886 13770798 -1.184814 1.1730957
21422 42842157 1.6296386 0.2259826
5161 10320894 -0.335571 -2.852539
5689 11376193 -0.799194 1.9714355
5690 11378932 -1.376953 -3.093261
10525 21048056 -1.437744 -0.281311
43680 87358703 -0.375915 -0.773315
22052 44103769 -0.437377 -0.387512
22056 44111984 -1.604492 -2.090332
33437 66873310 2.3657226 -1.725830
44650 89298506 1.7131347 -0.072906
8130 16259032 0.0558471 0.9291992
16227 32453471 -1.079589 -1.488281
13771 27540507 1.2265625 -0.883422
13772 27543302 -1.394287 -2.180664
13775 27548051 -1.889404 -2.353515
14608 29215831 -0.775512 -2.729980
44437 88873712 -1.400390 2.7973632
14117 28233920 0.3692626 -0.312805
16250 32499735 1.6706543 2.8188476
23746 47491655 -0.437194 -0.512329
39814 79627678 -0.020656 -0.773315
25290 50579672 -0.495849 3.1269531
9238 18474487 -0.230377 1.4797363
9239 18476807 1.6137695 1.4440918
23708 47414770 2.4711914 0.2360839
45828 91655735 -1.578125 0.8502197
49691 99381798 0.3238525 -1.206298
45823 91644919 1.8886718 -1.556884
9463 18925309 -0.215393 1.6132812
26986 53971692 -0.571655 1.4938964
18346 36691768 2.0561523 -2.936523
43485 86968765 -0.435546 -0.671020
35950 71898445 0.1689758 -2.333007
46744 93486645 -0.384948 2.2944335
46630 93259878 -0.362731 -0.332214
47620 95238139 -0.892211 -2.206542
35265 70528674 0.7449951 -0.275817
35545 71089444 -0.111846 2.46875
41229 82457113 0.4727172 -3.032714
12061 24120948 0.6323242 1.7358398
29726 59451751 -0.404113 3.046875
37799 75596591 1.671875 1.6618652
37805 75609731 0.1862792 -1.576416
24063 48124855 -0.525634 0.7186279
12335 24668149 -0.524047 -0.490234
28664 57326246 -1.702148 -1.861816
47260 94519940 -1.015869 1.8886718
47618 95235356 2.4711914 -2.749511
12858 25715767 1.6477050 -2.154785
12859 25717123 -1.090332 -0.438537
37115 74229538 -0.044212 -2.059570
20074 40147908 -1.413818 1.2678222
13243 26484897 0.5928955 2.8217773
15386 30770003 0.0872802 -0.026329
26797 53593254 -2.022460 0.7966308
33670 67338559 -1.579345 -2.404296
27368 54734596 -0.880493 -2.620605
34668 69335674 -1.705078 1.1826171
46328 92655496 -0.595581 2.2407226
46203 92404843 -2.326171 -1.957519
48045 96088960 0.5821533 -3.045410
47098 94195100 -0.477844 0.8959960
26505 53008573 -0.941650 -1.092285
32803 65605534 1.4057617 -2.038574
34471 68941376 -0.415588 2.8818359
23508 47014765 0.5682373 -2.235839
22108 44215266 1.2653808 0.9462890
28174 56347626 -0.693359 2.8237304
44834 89666769 -0.687866 0.5072021
44854 89707894 -0.701904 3.1108398
48408 96815519 0.5795898 -0.316772
1153 2305115 1.9941406 -0.619262
1969 3937699 0.5463867 1.7045898
2241 4480354 0.4899902 -0.193420
18993 37985810 -1.014648 -1.981201
3138 6274723 0.4747314 1.2414550
22689 45376599 -0.869628 -1.299804
28981 57961242 -0.945190 -1.171142
11686 23371857 0.9038085 1.2067871
11460 22918612 -1.413085 2.9155273
17545 35088307 1.1540527 -0.773925
34704 69406739 0.3550415 -2.515136
23949 47897413 0.2104492 -2.910644
24035 48069342 -0.930419 0.5441894
30885 61768131 0.9005126 -1.973388
29802 59602880 0.0459136 -0.462219
16350 32698897 -1.410400 -1.108154
29850 59698608 2.0815429 -2.517578
44203 88405300 -0.112747 1.8771972
26216 52430469 1.4130859 -2.366699
13884 27767399 1.5734863 0.3720703
49476 98951400 1.3242187 -2.035156
15147 30293043 1.3249511 0.0463714
13805 27609350 0.1713256 -0.008481
49157 98313409 -1.276367 -1.606933
33592 67183198 -0.928955 -0.930664
14359 28716578 -0.168640 -0.481811
14372 28742912 -0.961425 -1.822509
37911 75820841 1.3571777 -2.898437
15965 31928177 0.5401611 2.5327148
47104 94207190 0.8199462 -0.019428
17101 34201777 0.3829956 1.6062011
42436 84870245 1.6835937 1.7148437
29336 58670750 -1.363769 0.2827758
43055 86109987 1.2941894 -1.247558
43604 87207740 -0.453308 1.8718261
48738 97474955 1.2426757 2.1181640
34466 68930920 0.0058021 0.3544311
47455 94909940 -0.000160 1.1403808
34967 69933833 -0.904907 -2.134765
33850 67698124 -0.198974 -0.264343
32655 65309945 -0.379882 2.2026367
32751 65500161 -1.894287 2.6201171
36652 73303518 1.3684082 -1.365966
34032 68063880 1.8259277 -1.263183
36673 73344712 -1.208251 -0.197296
37225 74448851 0.3364257 2.0932617
2913 5824704 0.9697265 -2.831054
1050 2098940 0.8347167 -1.699218
4216 8431591 1.9101562 0.6751708
3513 7025562 -1.690917 -1.546386
2504 5007726 0.2997436 0.9174804
1895 3788672 1.0996093 0.5394287
4185 8369484 1.1601562 2.3232421
2309 4616581 0.9368896 0.1450500
26954 53906912 0.5305175 0.9753417
10607 21212224 -1.978027 -0.708007
9974 19947070 0.4451904 -2.688964
10730 21459067 -0.628295 0.6179199
30268 60535235 -0.367614 -1.706542
9910 19819040 1.7766113 -3.110839
22340 44678136 -1.351806 1.5422363
23548 47094817 -0.825561 -3.111328
13962 27923754 1.0622558 -2.162597
24249 48496510 0.7719726 0.4041137
15698 31394594 -0.237152 -0.369812
30332 60662017 1.2995605 -0.339965
48103 96204849 0.4669799 -0.044120
35300 70599220 -1.139404 1.7377929
37780 75558728 0.6405029 -1.929199
40310 80618433 -0.846435 1.7526855
49054 98107035 1.3486328 2.7875976
41424 82846554 -0.605468 -2.631835
26623 53245276 0.2050476 2.9672851
47145 94288446 0.9696044 -0.849731
26408 52814787 1.8376464 1.6994628
26411 52820854 -2.349609 1.5195312
33158 66314788 0.6656494 -2.428222
34676 69351387 0.2275695 -2.096191
26696 53391082 -0.899658 1.1997070
26697 53392983 1.3588867 2.5288085
42269 84537496 -0.323974 -2.631835
31490 62978612 0.9534912 2.5332031
33439 66876572 -1.707519 -1.984863
31628 63254308 -1.253662 1.4770507
47922 95842042 0.7008056 -0.421020
47919 95837620 -0.957031 1.8491210
32246 64491728 0.2348937 -2.377929
35388 70774423 1.6567382 0.6907958
46715 93429051 2.3774414 1.0510253
47146 94290876 -0.145202 -0.293029
34935 69868100 -0.672607 2.4072265
41567 83133371 0.5574951 2.7880859
41536 83071648 -2.436523 0.0165252
46179 92356756 -1.229980 -1.217041
47420 94838350 -0.228179 -1.096679
46383 92764380 -0.761962 -0.686645
25564 51126061 -0.517944 0.2506713
7893 15785964 2.4589843 2.2377929
37041 74080284 0.6903076 3.0546875
8913 17825462 -0.466064 -1.879882
23595 47189496 2.2202148 0.5305175
36172 72343215 -0.611938 1.6501464
49693 99384125 1.6584472 -1.982910
9404 18807534 0.1604919 2.9702148
14651 29301498 1.5988769 1.4516601
26072 52143959 -2.020019 -1.966796
41395 82788359 1.2070312 2.9409179
44800 89599220 -0.392211 0.4237670
10053 20104325 -0.617675 2.1914062
48548 97095051 0.3565063 -1.647216
20389 40776551 -0.399047 2.8061523
9053 18105451 -0.154113 -1.452880
44931 89860472 -0.873901 1.3889160
37694 75386855 0.8145751 -0.215209
10343 20685048 -2.296386 0.5511474
12636 25271713 -0.178161 -0.967651
14021 28041515 -1.579345 3.0004882
23861 47721269 -0.083831 -0.292602
12686 25370268 1.875 1.6843261
38292 76583249 -2.237304 0.1789550
11967 23932382 0.8414306 -2.584472
21160 42319426 -1.171142 -2.081542
18862 37723874 2.390625 -1.410400
49293 98585291 -1.694580 -1.494628
30418 60834026 1.6577148 0.7260742
30557 61113531 -0.776000 -0.107421
34202 68403276 1.9865722 0.0768890
48312 96623296 0.0529632 -0.366088
34205 68408631 1.1252441 -2.861328
49697 99393523 2.0327148 0.7176513
14428 28855206 2.4702148 -2.143066
31768 63534692 -0.819335 0.6629638
44985 89969109 -1.733154 -0.688720
46726 93451279 2.4189453 2.7954101
44870 89739448 0.2108154 0.1727294
37109 74217369 -0.817138 -2.979003
27189 54376808 0.5012207 -0.136596
40028 80054666 -1.611816 -1.957031
39768 79534822 -2.178222 2.9375
27009 54017656 -0.066726 2.4033203
18586 37171718 0.4939575 1.4450683
31711 63421657 -0.644409 3.1025390
15939 31877094 -1.011230 -2.924316
17098 34194313 -0.764526 -0.113250
48227 96453621 -0.199737 -2.423339
6365 12728730 0.2067565 -0.911254
46191 92380136 0.4575195 -3
7365 14729219 0.9493408 -1.274902
17773 35545228 2.1840820 -2.930175
16517 33033026 0.1640625 -0.806152
29309 58617159 0.6882324 -0.273010
37007 74013882 -2.194335 -2.475585
23706 47411053 0.0709686 1.4665527
23582 47163801 2.3095703 2.4379882
23591 47181626 1.8110351 -1.167480
28179 56356414 1.7805175 0.3665161
28182 56363328 1.4008789 1.7512207
26215 52428535 -1.350585 2.2075195
24102 48203889 -2.399902 -1.047607
15582 31163854 0.6577148 0.3614501
17363 34724374 -0.686645 -1.762939
14451 28900374 -0.133056 2.9589843
30149 60297410 0.0724792 2.0898437
18111 36220017 1.4372558 -1.799072
32274 64547731 0.3222045 3.0141601
20928 41854642 0.2964477 2.2250976
22900 45798777 -0.057746 -0.106262
24205 48408842 -0.568603 -0.246368
33492 66982012 0.2797241 -2.556640
14396 28790048 2.4858398 2.3100585
48777 97552677 1.7888183 0.3015747
43129 86257512 1.6633300 1.7058105
25599 51196812 1.4318847 1.2785644
40514 81026581 1.4121093 -1.894775
46031 92060766 -1.379882 -3.102539
3784 7566200 0.0320739 -0.087356
7770 15538691 -1.433593 0.7431640
13544 27087311 -0.815673 -1.005126
20008 40014816 -0.110946 -0.830444
10591 21180783 1.9873046 0.6981201
30706 61411352 2.4306640 -1.223144
20317 40632191 -0.612182 0.4578247
23573 47145217 -2.393066 0.4605102
20251 40501819 -0.054107 -0.187530
8612 17223063 0.6219482 1.1882324
19389 38777957 1.7243652 -1.824707
32374 64746479 -1.684082 -2.471679
12925 25848354 -1.978271 2.8852539
14533 29064324 0.8316650 -1.217041
18711 37420196 -1.296875 -1.697753
7688 15375589 -0.118087 0.3231811
47583 95164089 -1.030029 3.0571289
8430 16858762 -1.875244 -2.353027
26714 53426300 -2.057617 0.8753662
11838 23674922 0.7596435 2.0307617
22114 44227615 -0.903076 -0.249176
23393 46785718 0.2537841 0.7385253
28404 56807723 1.3955078 -2.497558
33114 66227938 -0.505371 2.6279296
21449 42897013 -1.646728 2.2583007
47287 94572304 -0.091293 1.5148925
47418 94834219 1.7536621 3.0976562
45054 90106113 1.2514648 0.4512939
41243 82484499 1.0209960 -2.694335
23411 46821745 0.4321899 3.1230468
44879 89757202 -0.530029 0.6835937
13052 26103031 -0.590698 2.0141601
14438 28874434 -1.814208 -0.894042
43760 87518182 2.4394531 -3.042480
14274 28547046 -0.463989 -1.420166
14724 29446328 2.4291992 0.2793579
14734 29466510 -1.942382 1.1293945
42052 84102184 -2.189453 1.9807128
44045 88088894 0.6614990 2.5932617
14618 29234532 -1.407470 1.4125976
30028 60055782 1.6037597 -0.223052
20689 41376661 -1.614746 1.1972656
19374 38746787 -0.649291 0.7482910
33376 66751561 0.5218505 -2.680175
22853 45704174 -0.694702 1.6955566
36952 73903200 -1.152343 0.4360961
21045 42088593 -1.060546 0.6051025
21047 42093032 -0.355346 0.0874938
35487 70972334 -0.445922 -2.500488
28799 57596023 0.3745727 2.4667968
20740 41479990 -0.911743 -2.603027
22670 45338613 -0.168640 1.6352539
47631 95260140 -0.371459 -1.798583
38176 76350737 -0.932861 -2.054199
33801 67601379 -1.433105 2.3354492
49654 99306362 0.5374755 -1.936767
45732 91462570 1.1394043 -0.056198
474 946502 -1.675292 0.7285156
541 1080456 0.1651611 -2.498046
1456 2911131 0.4170532 0.1282958
987 1973560 -0.351745 -1.613037
1303 2604869 -1.357910 2.4355468
1454 2906933 1.1569824 0.7572021
5236 10470146 1.5722656 -2.388671
5237 10473739 -0.046379 -1.745361
3109 6217880 -0.220245 2.6391601
4047 8093986 2.3852539 -1.980224
3268 6534308 -1.069091 0.3162841
3969 7936978 2.3515625 -2.230468
1248 2494057 0.6674804 3.0556640
4510 9019488 -2.140625 -2.763671
5359 10717838 -0.512695 -0.927734
11702 23402895 -0.260009 2.2163085
33758 67514935 -2.493652 0.8708496
12450 24899646 1.6477050 -0.398254
2828 5655877 1.7773437 0.1248168
7554 15107990 -1.963134 -3.062011
38998 77994397 0.9829101 2.3520507
5121 10240339 2.4501953 -2.955566
5671 11340992 0.0875396 0.4674072
4931 9860898 -2.091796 0.2055358
5984 11966312 1.3925781 0.0485992
4773 9544337 1.7924804 2.8530273
8156 16310973 -1.587402 1.3759765
8160 16318691 0.6461181 1.2934570
21889 43776986 -0.600341 0.6289062
6959 13917298 1.1235351 3.1274414
41811 83621898 0.1045074 -1.529785
41869 83736883 0.4608154 -0.836059
11461 22920997 0.2374267 1.9118652
8574 17147105 1.6955566 -0.101852
9428 18855951 0.6522216 -2.890136
18799 37597464 0.6751708 2.9399414
15222 30442648 -1.396484 -1.563720
28129 56256996 -1.276367 0.0575561
33095 66189806 -0.248138 0.4357299
28112 56222052 0.5936279 -1.768798
28870 57738252 0.1506652 1.4116210
13335 26669321 -1.161621 -1.833251
3233 6465162 -1.094970 -0.165496
34378 68755500 -1.424560 2.7221679
5324 10646441 1.9760742 0.9207763
5353 10705572 -0.209167 3.0190429
5990 11978696 -2.240722 2.6528320
554 1107781 -0.414916 0.1499633
5920 11838109 1.3735351 -2.195800
2234 4466131 -2.267578 2.4633789
6252 12503611 -0.425415 -2.740722
6677 13353711 -0.964111 2.6333007
8577 17153832 -0.131500 -2.40625
10066 20130027 -0.095535 2.8701171
8548 17094460 -0.389282 -1.604492
6487 12972815 2.2778320 -0.686889
47000 93998316 1.2009277 -1.026123
38022 76043316 -0.961303 -1.356933
10862 21723137 -0.732910 -3.099121
19674 39346146 0.5043945 -0.661865
18760 37519461 2.2021484 -1.672119
36914 73826531 -0.074951 0.5128173
6947 13892305 0.2689208 0.7364501
7294 14587800 -0.549804 -3.133789
23833 47665201 -1.172119 -0.294555
11701 23400378 0.0161056 2.3393554
9380 18759988 0.8621826 0.1758728
10689 21377553 0.4729614 0.9145507
31339 62676461 -1.731933 1.5915527
24613 49225901 -0.326965 -1.143066
11404 22806361 2.4208984 -2.604003
11404 22807572 -0.253967 -2.674316
43248 86495686 2.15625 -1.931152
41692 83383461 0.2634887 -2.446777
29077 58152399 -1.029052 -1.668701
29082 58162696 1.6850585 2.6079101
11707 23413783 0.3333740 2.4057617
18898 37794421 0.5278320 -0.338867
18900 37798222 -0.257019 -1.714111
32337 64673515 0.1145935 -0.799072
24660 49318266 1.2478027 1.2822265
13397 26792717 1.3276367 -2.033691
26521 53041561 -1.606445 1.3684082
35151 70301384 2.3623046 -0.235839
30746 61491334 0.2419738 -0.440612
43571 87140478 -0.798095 -1.003417
33432 66862761 -0.055000 -0.224700
19337 38672368 -0.831665 -1.625488
32844 65686545 -0.531005 -2.694824
32844 65687012 -0.327514 -3.073242
40622 81242637 -1.602539 0.3490600
40623 81245253 -0.125976 -1.970458
40624 81246965 1.9270019 0.9051513
44085 88169259 -0.538085 -2.5
22766 45531887 -1.394287 -2.944824
22767 45532719 0.4060668 0.1182098
40599 81196778 0.2476501 -0.440002
37212 74422478 -0.192321 -2.659179
28994 57987924 0.2241516 0.4442138
25292 50583569 0.1148529 1.9948730
2712 5423538 0.9306640 0.1901855
2094 4186472 -0.371459 -2.589355
6128 12254602 1.1530761 0.6081542
6131 12260800 -0.764892 1.7331543
23462 46922748 1.8835449 -2.946289
1096 2190604 -0.264099 -3.029296
23818 47635208 -0.125823 0.5906982
25344 50687793 0.3604125 1.3654785
1741 3480813 1.3286132 -2.768554
30768 61535094 0.1983337 -2.133300
6372 12742340 -0.235778 -1.375976
17021 34041014 -0.463439 -1.370849
24279 48557755 -0.614379 0.0510559
8146 16291718 0.3034667 -2.541503
10855 21709941 1.1005859 -2.808105
13947 27893509 -0.362915 1.5085449
2723 5444960 2.3461914 -2.571777
20356 40711204 -0.508911 -2.798339
18886 37771052 2.0214843 2.0234375
18888 37774571 0.1212158 2.6909179
5240 10479832 2.3339843 1.1315918
23608 47214323 0.2291870 -2.972656
6549 13096127 -1.440917 2.5649414
2967 5932446 -2.439941 -1.015136
4493 8984966 -0.733764 -1.417724
5896 11791811 1.6069335 2.7846679
11467 22933369 0.2034912 2.6933593
18067 36132058 -0.823364 0.1819152
44965 89929061 -0.692382 -2.353515
33141 66281950 1.7612304 -0.518432
33143 66285751 0.4987792 -1.108398
10915 21829277 0.6412353 0.4738159
28429 56857751 -0.264465 2.1459960
44598 89195863 0.2115783 -2.041503
46755 93509068 -0.795043 -0.237640
31362 62722299 -2.465332 -1.512939
17611 35221856 -0.325744 -0.681640
23160 46318016 -1.401123 -0.286193
20594 41186310 -1.184326 -0.921020
19521 39041016 -2.126953 1.7646484
19521 39041736 -1.740722 -1.940429
39424 78847247 -0.167938 1.6547851
18124 36247935 1.2055664 -1.555175
11642 23282578 -1.231689 1.6520996
34079 68156062 -0.533813 -2.218261
21638 43274936 0.0088863 2.1635742
24680 49358774 -0.130432 -3.087890
33721 67440023 2.2675781 0.7998046
43995 87989059 -0.910156 -2.789550
35733 71464766 -1.389404 3.0161132
36102 72202101 1.2534179 -2.417968
11086 22170166 0.6987304 -0.075134
19909 39817190 0.7960205 -0.959594
19909 39817207 -1.066650 2.2158203
25546 51090205 0.1140441 -2.787109
25548 51094271 -0.184265 0.5921630
11812 23623950 -1.104003 2.6806640
45037 90072247 -0.142303 -2.412109
43913 87824466 0.5361328 0.0501708
43971 87941391 0.1659545 -2.673828
43972 87943216 -0.092269 2.0170898
44697 89392598 2.5039062 -1.504882
42886 85770792 -2.011230 2.5449218
29143 58285994 -0.804809 -3.038085
29131 58261558 0.2921752 -2.646484
40532 81062375 -0.979736 1.7143554
49756 99511688 0.1166381 0.7969970
34596 69190177 -1.047851 2.2275390
40955 81908427 -1.581787 2.9995117
39564 79127076 -1.883056 1.6110839
39579 79156260 0.6075439 1.5014648
39940 79878334 -0.292175 -0.900512
3120 6238137 0.3289794 1.5761718
808 1615628 -1.275146 2.8525390
4800 9599009 -2.381835 -1.085205
1956 3910607 1.7136230 -1.585693
30921 61840398 -1.156494 -1.115722
46722 93443840 1.2919921 -0.551391
7045 14088962 -0.224090 -0.686523
10001 20000498 -1.000488 0.1451416
6753 13504052 1.3422851 2.9775390
25354 50706241 -0.741088 0.1269531
43574 87146362 -0.980834 -3.131835
43575 87148446 -0.497680 2.3984375
4750 9498154 1.0683593 2.8574218
4752 9503259 1.8510742 0.3499145
45459 90916805 0.4507446 -2.395507
11195 22389763 0.0474166 -1.589111
46681 93361588 -2.458984 -0.025756
44884 89767107 -2.214355 -0.893676
22827 45653784 0.8602294 -2.272949
46899 93796753 0.6787109 1.7687988
14635 29269297 2.2763671 -2.116210
43934 87867373 -1.641357 2.9213867
9925 19849335 1.4450683 0.8854980
49281 98561837 -0.742187 2.9550781
39654 79307185 0.5412597 1.5571289
22234 44466344 1.2985839 -1.428466
25911 51821696 0.0981903 -1.519287
46537 93073944 0.4194335 -1.382812
43482 86963156 -0.049324 2.3378906
29923 59844178 -0.798461 1.0947265
49925 99849088 -1.143554 -3.036621
38609 77217421 -0.604614 2.2373046
26841 53680263 0.2686157 1.6489257
34928 69855918 -1.756103 -2.620117
7721 15440861 1.4113769 2.0283203
26826 53651516 -0.827392 0.9689941
24602 49202194 1.8393554 0.3526611
7885 15768519 -0.603637 2.4428710
19122 38242837 -1.774414 -1.113525
41572 83142702 0.7943115 0.7220458
8008 16014478 1.2922363 -1.430908
10573 21144006 -1.201904 -2.229492
21137 42272384 2.1665039 3.078125
22047 44093964 -0.570556 -0.664062
7888 15774372 0.6374511 0.7653808
42122 84243663 -0.909179 1.2104492
30601 61201836 1.4157714 2.1269531
45428 90854846 -2.265136 -0.308532
21289 42577724 0.0929565 2.2182617
24322 48642528 0.2260437 -0.595947
36618 73235713 0.2129516 2.3349609
49911 99820243 -0.545654 1.9396972
15468 30934375 2.4887695 2.3085937
35303 70604221 -0.709472 1.9780273
20440 40878188 2.3037109 2.6611328
21596 43190010 0.1838684 -2.376464
48609 97216819 2.3774414 -2.086914
27523 55044214 1.6096191 -0.574829
27524 55046571 -0.393920 2.2949218
40120 80239840 0.2167968 1.3225097
41174 82346195 -0.624389 1.1018066
41684 83366904 0.6502685 -0.671875
5650 11299874 1.2617187 2.4892578
2516 5031336 0.2346801 -0.415405
3942 7883940 -0.405761 0.5900878
3545 7089622 -1.146728 -0.302734
1081 2161040 -2.371093 -1.830078
4664 9327222 2.3466796 -2.599609
4682 9363767 1.2399902 -1.549560
3586 7171311 1.3515625 -0.774169
1862 3722452 -1.186035 0.8322753
1869 3736113 2.4838867 1.0285644
3889 7776430 -0.059509 1.2687988
2769 5537532 1.7526855 -2.204101
2772 5543550 0.3402099 1.9509277
5459 10917252 -0.860107 2.9350585
5683 11365376 1.7985839 -0.465148
3359 6716485 0.1950683 0.9615478
3731 7461059 0.8397216 1.2805175
4325 8648133 2.4936523 -0.653930
3442 6882927 0.4010620 -0.480590
38878 77754453 1.6127929 0.1922302
10190 20378394 -0.443603 -2.026367
10192 20383343 2.0073242 2.0849609
11154 22307137 2.1503906 -1.859375
8228 16455952 0.0978240 -2.286621
6327 12653319 -1.773437 2.9409179
6377 12752836 -0.696899 1.0820312
6426 12850312 1.3454589 2.0893554
7570 15139080 1.6486816 0.5718994
13298 26595319 0.0131607 1.4526367
35580 71159810 0.0753784 1.6491699
31917 63833992 0.8618164 1.9860839
42738 85474423 -0.697875 1.4548339
45789 91576032 -1.006103 -2.048828
28715 57429746 -0.487731 -2.216796
16079 32156783 -0.264221 -0.495910
42153 84305863 0.0866241 -0.457458
10074 20147588 1.0815429 2.2817382
11429 22856126 -2.227050 -0.826416
18486 36971099 1.5886230 -0.457519
20057 40113666 -2.330078 2.2573242
39718 79435843 -0.316162 -2.650390
22280 44559605 0.1027984 0.3705444
11756 23511351 -0.817871 0.8140869
7094 14187145 -0.094070 -0.770996
7098 14194445 -1.960937 -0.503417
24137 48273119 -0.198425 2.0600585
6994 13986720 -1.390625 0.9177246
9185 18369927 -0.770629 -0.988037
10609 21216352 0.3222656 -3.048828
43174 86346631 1.7331543 3.0605468
25856 51711726 0.4224243 2.1044921
26088 52175529 1.6208496 -1.006835
1832 3663433 -0.778076 -1.741699
9480 18958534 1.0656738 1.2634277
10004 20006444 0.6689453 1.1391601
27849 55697954 2.0405273 1.2834472
40659 81317049 -0.864624 1.3872070
40662 81323310 -0.873413 2.2666015
42654 85306705 0.0067491 2.9018554
42654 85307857 2.3046875 -2.183593
6638 13275659 -1.781982 2.2685546
7562 15123311 -2.019531 1.2416992
18400 36799090 -1.076660 0.6159667
18461 36921925 1.5883789 -0.484741
6722 13443504 0.7338867 3.0639648
6891 13781570 0.8953857 3.0517578
18632 37263724 -0.628051 0.6303710
18803 37604143 2.3413085 -3.107910
19746 39490753 -0.579101 -0.215667
19768 39534862 0.1133117 0.421875
26936 53870613 -1.908447 -0.650146
28158 56314350 -0.937622 -0.545898
8730 17458462 -0.694213 -1.273437
10133 20265785 -0.836303 -0.264160
21741 43481803 0.6405029 2.0869140
48432 96862870 0.1348876 -1.912597
27482 54963496 0.8023681 -2.674316
36319 72637401 -0.426391 1.9665527
36868 73734156 1.2021484 -0.115264
37010 74018681 -0.182922 2.4794921
42788 85574566 2.4360351 1.09375
18380 36758552 -0.802612 -0.729492
39761 79521203 0.1648864 3.1396484
28121 56241084 -0.371704 -0.283508
24223 48445481 1.6804199 2.9799804
39871 79741625 -1.837158 1.7519531
1561 3120749 1.3352050 -1.988281
582 1163322 -1.573486 1.4787597
2497 4993526 0.5379638 -0.532470
26805 53609814 -1.073242 -1.993896
21152 42303784 -1.005371 -2.637207
10682 21363479 0.0522079 -1.128662
8753 17505390 0.6875 -2.623046
6631 13261871 -1.147949 -2.603515
6634 13266704 1.8354492 -2.937011
23908 47814429 0.9892578 1.4309082
14801 29600409 1.7705078 -1.298828
9536 19071935 -1.355712 -2.479492
9532 19062744 -1.058837 0.3284301
11372 22742311 2.3696289 2.1835937
26750 53499085 0.5546875 0.5350341
28191 56380168 0.7568359 0.7330322
28191 56380955 0.7138671 -1.295654
36302 72602058 1.6542968 1.0917968
36302 72602804 1.3334960 0.9755859
47863 95725593 1.9750976 0.5750732
8796 17590810 0.5144042 2.2299804
11401 22801074 -0.141906 2.2626953
29756 59511853 -1.741455 1.9396972
44218 88435404 1.7050781 -0.818603
29666 59331563 1.2902832 0.4697265
13606 27210530 -0.414245 0.7238769
10901 21800697 1.2294921 1.7731933
11114 22226641 -2.470703 2.5791015
24028 48054997 0.0160064 -2.202636
24692 49383491 -0.695434 1.0366210
24695 49389274 -0.744750 -2.403320
25775 51549083 -1.692871 -3.025878
44945 89888652 1.2648925 -2.666992
11945 23889776 0.1191711 -2.744140
43700 87399493 -0.130065 -0.020069
19578 39154525 -0.859008 2.75
20068 40134415 -0.114807 -0.083374
42417 84833201 0.4746093 0.8648681
20312 40623159 1.2492675 1.0986328
30817 61632561 -2.092285 3.0927734
30817 61632844 0.7021484 0.7891845
32036 64070945 -0.489807 1.65625
32056 64111816 1.3403320 0.6047363
41493 82984618 1.9482421 0.3096313
33349 66696609 -0.551757 -1.534179
20410 40818162 -0.584594 1.5046386
40621 81240241 0.1180725 -0.038642
23094 46186888 -0.226226 -0.778564
13686 27370277 -0.434814 3.0898437
42335 84669030 -0.427734 3.1245117
5137 10272285 -0.385864 -2.982421
3201 6401276 0.1821594 -1.40625
23308 46615072 0.2432556 -1.943115
5978 11954079 0.0914611 -0.952392
44538 89074324 0.0737152 -2.399414
6642 13283972 1.0314941 0.3430786
9788 19575847 2.0712890 -2.517089
29230 58458979 1.0429687 0.2604370
28275 56549792 -1.336669 1.5332031
28278 56555725 1.0502929 -0.703857
20348 40694475 0.2058105 0.3616943
28882 57763526 1.2478027 -1.838623
28945 57888855 1.0236816 -2.460937
21529 43057749 -0.528076 1.8457031
22800 45598393 -0.613037 -0.052536
22635 45268914 0.0789184 -2.294921
15472 30943025 0.6990966 0.7216796
10294 20587280 0.0765991 2.4350585
11269 22536587 0.2647705 1.5212402
9299 18597139 0.5776367 0.7045898
8292 16583255 -0.389404 2.5683593
9258 18515318 0.1015777 -3.135253
45876 91751271 -1.613525 -1.249267
39966 79931430 1.6132812 -0.950439
43212 86423934 0.2073364 0.2703857
41516 83031311 -0.756469 -1.306884
10485 20968997 0.3147583 -3.019042
10843 21684753 -0.163787 2.6523437
9679 19357914 -0.126190 0.2279052
9681 19360578 1.3525390 0.2681274
9681 19361383 0.0777587 1.4653320
9681 19361730 -0.348571 -0.497436
11053 22104258 -2.208496 -2.897949
11172 22342976 -0.431396 -0.022510
40268 80535339 -1.155761 -1.647216
11303 22605703 -1.608642 -0.622314
39448 78895283 -0.501342 -0.645874
11357 22712877 2.1152343 -1.633300
13490 26979990 1.9213867 -0.708496
19809 39616418 -1.127441 0.3818969
43741 87480807 -0.498657 1.890625
20444 40887452 -0.850097 2.5585937
20904 41807516 0.3558349 -2.561523
41510 83018077 0.3665771 1.7585449
25174 50346264 -0.699096 -0.415771
40088 80174357 1.3491210 -1.081542
5622 11242285 0.2568359 2.6181640
66 131364 -2.187988 2.0268554
364 727261 0.1986694 -2.562988
4974 9946375 -1.922363 0.1203002
1639 3277210 -0.659667 0.6439208
1640 3279479 -0.091445 -2.265625
738 1474347 -0.792968 -0.831909
3457 6913663 0.4270629 -0.324829
3296 6591316 0.3462524 -1.624511
4417 8832038 -1.793457 2.84375
2744 5487966 -1.021728 0.4096679
4576 9151347 1.7604980 2.6245117
2174 4346413 1.6394043 0.7265625
535 1068782 -0.203247 1.1984863
4782 9562557 2.1811523 -1.236083
2210 4418819 -0.688598 2.1875
5522 11043579 0.6676025 0.2857055
1352 2703799 -0.099151 1.3371582
726 1451368 0.1041564 -1.290283
1094 2187010 -0.438049 1.6567382
3126 6251675 -0.370788 2.5292968
3568 7135463 0.4826660 1.9272460
2284 4566476 -1.109130 -1.691162
4995 9989583 0.8940429 -1.488525
37508 75015320 2.4443359 -3.042968
1234 2466766 -2.440429 3.0922851
1234 2466803 1.8996582 0.2969970
22303 44604499 -0.289001 -3.097656
1014 2026544 -0.309082 1.7136230
1200 2398781 0.5190429 -0.711914
5950 11899984 -0.199157 2.0615234
5831 11660250 0.1695251 -2.554199
4159 8317009 0.9097900 -0.364929
6706 13410004 -0.651855 2.2641601
7051 14101457 -0.937133 -3.105957
18052 36102415 -0.035743 -0.773071
7452 14903032 -0.130920 0.2320861
21393 42784259 -1.592041 0.4066772
41500 82999345 -2.407714 -0.237457
41501 83000711 1.9553222 -1.590820
41502 83002001 0.3579101 2.8432617
39707 79413472 -1.180175 -0.675048
45902 91802963 1.9677734 -1.084716
8334 16666601 0.3417968 -1.173828
41901 83801084 -0.280700 1.8308105
22544 45086467 0.8934326 2.2167968
11340 22679031 2.3432617 1.5222168
13935 27869638 0.2581176 0.2743530
41997 83992601 -0.602539 -0.338684
31687 63372650 -0.222320 -1.764404
45036 90070009 0.6445312 -3.041015
39789 79577821 -1.849609 2.5747070
18329 36657165 1.0048828 -0.298522
19086 38170800 1.3803710 -0.554321
40245 80488942 -1.136230 -1.824707
19401 38800912 -0.233734 -1.888916
25323 50645321 -0.384399 -2.571777
21247 42492452 -1.126708 -2.561523
27540 55078142 -0.927124 -2.054199
49503 99004950 0.0292015 0.0553741
40097 80192409 1.1970214 -2.732421
44712 89422625 1.8044433 -2.802734
4709 9416525 -0.450866 0.1167449
2110 4219468 -0.515258 2.8447265
4723 9444571 -0.360046 -0.843994
2221 4440076 0.6213378 -1.065917
2222 4442371 -2.209960 0.0332565
5086 10170761 -0.199432 1.6547851
35232 70463498 2.1713867 3.0839843
35325 70648771 1.6831054 1.5939941
39670 79338803 -1.222656 2.5957031
3764 7526277 -0.415527 -2.064453
2203 4404183 -0.984741 3.0756835
23644 47286592 -1.900390 -2.630859
40477 80953872 1.2177734 1.2670898
6532 13062777 2.4902343 2.3046875
8274 16546653 -0.795043 -2.022460
11433 22864313 1.7617187 1.8510742
27562 55122882 -1.423339 -0.303955
46927 93852174 -0.363037 -0.189880
45450 90898116 -0.508789 -2.217285
31749 63496936 -1.071533 2.3178710
49112 98222199 0.0017092 0.1959533
8 14508 0.0451278 -0.368835
4252 8502302 1.3166503 -2.085449
4266 8530840 1.2297363 2.2045898
34557 69112963 1.6437988 0.4323120
18865 37728623 -1.802734 -2.642089
1350 2699961 0.3258666 -1.307617
4338 8675056 -1.578369 1.8623046
631 1260436 1.4345703 1.2783203
4841 9681665 -0.201477 2.5839843
2369 4736706 -1.677734 0.9100341
1259 2517319 -1.104736 2.6821289
3531 7061335 0.7145996 -2.858398
5749 11497581 1.0224609 -2.286621
1962 3922240 -1.239746 0.7252197
4272 8543287 -0.367492 -1.217041
4288 8575559 -0.570434 3.0546875
3550 7099427 2.0776367 -2.4375
5987 11972562 1.6186523 -1.737548
4979 9956649 -0.932006 -0.784912
4744 9487612 0.6989746 -2.735839
4620 9239034 -0.207000 2.8500976
5193 10384854 0.5004882 0.3932495
5099 10197066 -0.505981 -0.982177
5611 11220660 0.4796752 2.6064453
22608 45215775 0.0102748 -2.128906
19036 38070116 2.5087890 -2.614746
19273 38544582 -1.727539 2.5986328
28222 56443214 0.5744628 -2.176269
47713 95424298 0.2872924 0.1528930
44628 89255492 -0.061195 2.2558593
45882 91762628 0.0063467 0.8261718
19784 39566015 -1.435302 -0.980834
19785 39569217 0.8128662 -0.014831
47567 95133314 -1.168212 2.0190429
41954 83907434 -0.543457 1.9233398
43846 87690045 1.7475585 1.2177734
33717 67432136 -0.892578 -0.549316
47660 95319070 2.2817382 -0.452819
47663 95325069 0.7393798 1.5107421
25283 50564341 0.4325561 1.7961425
16275 32548130 -1.832031 -2.491210
27520 55038684 -0.991699 1.8925781
24633 49265699 -0.319885 -2.014648
24909 49816818 0.3507690 -1.486083
39485 78968753 -1.992675 2.8852539
36140 72279918 -0.061126 -3.084960
12375 24749149 -0.168945 -2.408691
23248 46495573 0.5488281 -2.476074
32450 64898588 1.1779785 3.1118164
4689 9376551 -0.992919 -1.145263
5485 10969012 -0.664672 -0.348693
34132 68263012 -0.579589 -2.148925
10555 21108400 1.3178710 -2.598632
38703 77404389 1.1679687 2.3159179
9800 19598703 -0.726196 -1.979492
11639 23277523 -1.581298 0.3338012
22403 44805075 2.3598632 0.5330810
31682 63363103 -1.417480 -0.299194
41012 82023944 0.8767089 -1.78125
36956 73910633 0.3541870 -2.545898
38078 76155677 -0.644653 -2.905761
40432 80862569 0.4251708 2.7412109
28127 56253490 1.3408203 -1.599121
16768 33535477 1.7553710 -0.969970
6159 12316339 -0.337341 -0.066833
12014 24026115 -1.051513 1.3295898
13901 27801864 1.7778320 2.4643554
40086 80171131 -0.836425 -1.812744
12880 25759754 1.7158203 -2.998046
49730 99459476 -1.899902 -0.277954
49239 98476391 -2.472167 0.1282958
29626 59251184 -1.306884 -2.418945
29637 59272551 -0.761108 0.9088134
26024 52046481 -1.883544 -1.760498
8348 16695125 -0.108276 -0.321594
43392 86783033 0.6617431 0.9145507
8499 16996667 -0.317382 0.9017333
9456 18911065 -0.847534 1.3208007
35429 70857478 -0.839111 -2.033203
47174 94346153 1.0053710 0.8807373
16373 32744963 1.8559570 -2.346191
21953 43905181 -0.715698 2.0136718
48280 96558594 1.6440429 -0.054138
12163 24324418 0.2507324 -0.440307
9844 19686938 1.0927734 -2.744628
26061 52120757 -2.033691 -1.906494
43470 86938116 0.2506713 2.8017578
34908 69815342 2.1318359 -1.793945
49664 99326686 1.7629394 1.1523437
17517 35033801 -1.073974 -0.699584
12993 25984043 -2.500488 0.0244712
17469 34936080 0.1872863 -2.096191
13046 26091982 1.2165527 -2.423828
48057 96112575 -1.616699 1.5087890
47193 94385589 0.5775146 2.5043945
24217 48433249 -0.824462 -0.903686
37850 75698727 0.9238281 2.3759765
38872 77742951 0.1187438 -0.434692
48619 97236333 2.0112304 -3.057617
48622 97242601 1.4240722 0.7011718
