4475 11185863 -0.253784 -3.116210
17423 43556289 1.1645507 0.6665039
2059 5147317 0.2632446 -2.370117
4648 11619998 -0.166778 -2.153808
19647 49116398 -2.049804 1.5107421
5807 14515552 0.6031494 -2.167480
26503 66256505 1.3745117 -0.672363
29979 74945442 -1.307128 -1.273925
4516 11289726 -0.489990 0.0322723
4087 10217406 1.3657226 0.7883300
5780 14447736 1.4357910 -1.695556
6649 16622469 0.3435668 2.8159179
8688 21719198 0.1045074 -1.581298
8690 21723732 -0.482910 0.0089874
7902 19753960 -1.654052 1.4101562
8917 22290372 -0.619750 -1.185302
2665 6661053 1.9104003 -0.434814
11814 29534036 0.6253662 1.0493164
3150 7873271 -2.052734 0.6733398
12326 30812678 -0.007326 -0.309875
19577 48940013 1.3173828 2.7871093
23615 59037155 -0.741333 -2.507812
8079 20196316 -1.563232 -2.154296
3585 8962038 -1.267822 -1.955078
7810 19524563 1.9409179 -0.765502
12626 31564406 -0.095031 0.0906829
25632 64078920 -1.253417 -2.405273
27595 68986039 -2.273925 2.4716796
7822 19553384 -0.463500 1.8996582
16263 40655620 -0.567626 -2.213378
16037 40091432 0.2488403 -1.643798
10071 25175851 0.3143920 -2.974609
24575 61436165 -2.474121 0.8303222
29162 72904039 2.4868164 -0.326599
9762 24403149 -1.620849 -2.491210
5859 14645132 -1.320800 -0.180023
24801 62000827 -1.050048 2.9111328
3198 7994243 0.4044189 -1.043701
25574 63934302 0.7177734 -2.338378
19744 49357530 -1.049804 -2.278808
16925 42311949 -1.980957 -0.236358
1375 3437139 -0.501831 -1.858642
4806 12014402 0.6309814 2.9975585
7746 19362772 2.4941406 -3.015625
7749 19370690 2.4033203 -1.602539
8300 20748992 -0.009805 -0.998779
6645 16610930 0.8284912 -0.018833
25409 63520600 0.1084289 -2.745117
3836 9588435 0.1831359 -2.434570
21859 54646012 -1.973388 1.5693359
19985 49960414 -1.615722 -1.573242
29174 72932587 2.4345703 0.8067626
27250 68123809 -0.887573 2.2998046
13220 33049878 0.9368896 -0.149017
23831 59576360 -1.030517 0.4143676
3303 8257397 -1.097900 -1.686767
23426 58564476 -0.634521 2.7041015
17177 42942199 0.0052223 2.1191406
26917 67290242 -1.052978 -1.027587
4801 12001735 2.0864257 -2.516113
2041 5100928 -1.951904 -0.298767
3412 8528936 1.6677246 2.9794921
5397 13491430 0.1507873 3.0097656
7570 18922793 1.1713867 -0.055992
9371 23426864 2.1503906 -2.854003
28408 71018558 -0.265441 -0.985595
29022 72554116 0.0251655 2.2465820
29023 72555661 -0.787231 0.8468017
26963 67405358 0.0480575 1.7407226
3257 8140523 -1.718994 0.0161857
3650 9123691 -0.777343 0.8408203
5484 13709661 2.2084960 1.2646484
6006 15012807 -1.407226 -0.852783
8164 20409348 1.3549804 -2.994628
22742 56853973 2.4370117 0.2081909
18715 46785207 0.5427246 2.4052734
27810 69523674 0.8740234 -2.981445
18007 45016099 -1.194824 0.4180297
18427 46066588 -0.165985 -2.284179
16698 41742507 1.2402343 -1.301025
16947 42365805 0.1154632 1.5688476
19298 48244866 1.4409179 -2.372558
16849 42120772 2.3061523 -2.938964
7296 18239938 -0.813598 0.6577148
13950 34872762 1.0971679 -2.966308
4607 11516971 -0.014123 2.5048828
5266 13163984 2.4667968 -2.761718
5238 13093038 -0.212066 -0.687255
29824 74559390 -0.229400 -0.813598
8713 21781589 1.0073242 -2.890136
8595 21487055 -1.136718 -1.441894
28638 71594117 1.6350097 0.1096038
9438 23593568 -0.663452 -2.191406
16931 42325930 -1.638916 -1.000976
18030 45074504 0.8682861 2.0639648
10559 26397364 0.6363525 -2.742187
28651 71627361 0.1917724 -2.050292
24059 60145793 -0.945678 2.0986328
20617 51540941 -0.978759 -0.236083
24203 60507431 0.7131347 -1.451660
18285 45711362 0.8636474 2.7070312
21643 54105738 -2.325195 -3.085449
26484 66207760 -1.615966 0.9584960
26736 66837620 -2.192871 0.5814208
28471 71175376 -0.806152 -0.234191
360 898031 -1.053710 -2.847656
13739 34345286 -0.534790 -2.972167
24816 62038317 -0.519042 -1.059326
21762 54403028 -0.462768 0.0635528
19579 48945818 0.9665527 -0.565429
10513 26280742 -1.260986 -0.917968
3582 8954461 1.7666015 -1.044189
16573 41430525 -1.393310 2.9511718
4235 10586963 0.9791259 -2.165039
19562 48903810 -0.797485 -2.900390
17106 42762909 -0.997558 -0.687377
4540 11348665 -0.538818 -1.683837
5804 14509251 -0.422851 -0.749023
19137 47840265 -1.582519 -0.662841
9244 23107835 1.8161621 2.9335937
9617 24041140 -2.095214 -2.711425
29739 74346426 2.1259765 -1.634521
6911 17275740 -0.528686 1.9404296
19622 49053858 -0.212280 2.7592773
6971 17425428 1.1828613 -1.213623
9487 23715671 -2.275390 1.2258300
8141 20351754 0.1356506 1.1032714
18152 45379313 -0.949218 -2.443847
16689 41720908 0.6942138 2.7705078
11023 27555199 0.0440368 -1.638183
20363 50906271 -1.238525 0.3110961
24435 61085684 0.1092376 -2.151855
24435 61085777 -0.059921 0.8317871
19679 49195777 -1.399414 -3.004394
19680 49197758 -0.854614 -0.693237
23600 58999628 -0.680541 -2.344726
24813 62030422 -1.679443 2.2329101
29875 74687397 1.6420898 -1.854980
640 1599690 -0.601318 2.2895507
456 1138627 0.1233062 -0.764892
29413 73530708 -1.753173 -1.940429
12781 31951511 -0.836181 1.2001953
28875 72186339 -0.322631 2.0473632
6580 16449436 1.6577148 1.6364746
6582 16454674 2.3300781 -0.372192
9452 23628658 0.7062988 -0.074615
29177 72941704 1.2075195 -0.106582
29179 72945776 -1.869628 0.9313964
8646 21613255 -1.410644 2.8940429
26985 67460995 0.6124267 0.6900634
9781 24450066 -0.247619 -0.375976
15581 38950384 -0.839965 -0.953857
17606 44012919 -0.147430 2.3203125
1012 2528458 -0.954223 -0.294555
859 2147149 2.1416015 -2.434570
318 794741 -0.804565 1.0783691
364 908929 1.1977539 -1.014404
29110 72774514 0.7546386 -2.910644
259 646032 1.1809082 -0.774169
674 1683652 -1.271728 -1.501708
11870 29674799 -0.670166 0.7100830
22221 55551679 1.7402343 -1.928955
9517 23792439 0.0265579 0.5086669
11424 28557740 2.1435546 -2.436035
1526 3812626 -0.186492 -1.383056
3177 7940463 -0.593261 2.8852539
17853 44631257 -1.041748 1.6662597
18758 46894615 0.5643310 -2.386718
25188 62969994 -0.288208 -0.645385
1817 4541855 0.2362365 0.4581909
18048 45118975 -1.748046 -2.452148
3043 7605815 1.7512207 2.6259765
3383 8456790 -1.069580 -1.229980
4327 10816668 -1.361572 -1.032226
2994 7484305 0.6324462 2.4169921
2402 6004241 -0.397033 0.5887451
16183 40455017 -2.495605 -0.357727
26528 66317765 0.8603515 0.1979980
25148 62869790 -0.279296 2.4169921
26733 66831814 -0.223358 -1.684326
17319 43297209 0.6308593 -0.240478
3354 8382645 -1.039306 2.6030273
3734 9333246 -2.430175 -2.436523
4269 10671319 -0.658203 0.9781494
8056 20137854 -1.084960 -2.364257
7473 18681951 -1.370117 -2.124511
8232 20579339 -0.257202 -0.733154
13946 34863595 -0.037017 -2.806640
25232 63079190 0.6392822 3.0815429
7783 19455845 1.6318359 2.328125
24219 60545942 0.0958709 -2.293945
25009 62521187 -0.066970 -2.899414
25009 62521308 1.2082519 -2.733398
25009 62521297 -1.155029 -1.306640
20768 51918677 1.6208496 0.2156677
20339 50847219 1.4372558 -1.695068
16770 41923915 0.3660278 -2.174804
16781 41950786 0.1520385 0.4299316
24326 60812932 -0.345520 2.3706054
25830 64573162 1.3710937 -1.105468
11665 29161452 -1.084472 2.0073242
9560 23898384 0.6652832 -0.818359
26870 67174328 0.3009033 0.2742919
11475 28685963 -0.346557 -1.042236
14078 35193842 2.3198242 -2.079589
10837 27090262 -1.133300 2.9199218
23226 58064064 -1.379394 -2.708496
25038 62593255 -1.108154 -0.667846
29017 72541541 -0.830078 -1.356689
2396 5989632 -2.192871 -0.954467
2874 7184510 0.3153076 -2.557128
15681 39200183 -1.627197 2.6845703
15678 39192847 -1.192138 1.6652832
8601 21500463 2.4409179 0.5871582
19344 48357641 -2.484863 -0.153106
2278 5694512 -0.095443 -0.745239
3882 9703019 -1.111083 2.9150390
3271 8177349 -1.695556 -1.248046
17034 42583345 -0.620483 2.3510742
6359 15895713 0.8779296 1.0454101
3985 9960716 0.5277099 -2.477539
28669 71672420 -0.253173 0.5371093
7035 17585039 -0.398742 0.8155517
29444 73608236 -2.022949 1.1142578
7504 18759541 -0.848876 1.3876953
28771 71926194 0.8829345 -1.294433
7536 18838091 -2.435058 -1.015380
13006 32512711 -0.544677 -1.002929
13391 33477347 -0.000595 -0.719116
11412 28528239 0.2615356 -0.167572
10362 25903554 0.5266113 0.9820556
10581 26451040 -0.643188 -0.985229
24484 61207841 0.5269775 -2.807617
23416 58539255 0.0530700 1.6030273
22775 56935065 0.7000732 -1.547607
22239 55596708 1.1149902 0.0825347
13843 34607499 -0.175811 2.7104492
14352 35878422 0.7813720 2.4702148
20429 51072187 0.0644836 -1.637939
22075 55185616 -0.867919 0.3767700
12271 30676888 1.8051757 1.5026855
21204 53007636 0.6833496 -1.605468
12764 31907725 -0.689331 -0.787109
25052 62627681 -0.111358 1.4697265
23888 59718729 1.6853027 2.9741210
29304 73259893 0.4605712 3.125
13560 33899847 -0.214904 2.0693359
13562 33904747 2.2709960 -1.368164
13565 33912359 -2.167480 0.5732421
21351 53376464 2.1206054 -0.653442
21759 54395734 -0.132873 -0.708129
28913 72281751 -2.428710 -1.012939
25980 64948659 1.8793945 0.9044189
8988 22467540 -0.130218 -2.898925
1937 4842014 0.3459472 -0.094314
15028 37568136 0.0774383 -1.043212
28867 72166239 0.8315429 2.4384765
8513 21282230 -2.469726 -1.193603
24991 62475039 1.6091308 1.2702636
15863 39655701 0.1612243 -2.928710
15734 39334934 -0.863281 -0.755249
29426 73563876 0.8591308 -1.747802
4279 10695881 -0.744750 2.4516601
8359 20895245 -1.665527 -1.788818
4431 11077084 -2.334472 -2.266113
4432 11078609 0.6529541 1.6245117
4433 11082072 1.6086425 -1.963623
6067 15165163 1.0058593 -1.981445
5135 12836754 -1.165527 1.1767578
7169 17921647 2.4335937 -1.717041
11498 28744311 0.4901123 -0.661254
12649 31620592 -0.619262 0.7465820
5773 14430049 -0.686889 3.0566406
10128 25317653 0.1975708 0.7009277
11470 28673882 0.8807373 -2.483398
16238 40592590 0.1251525 0.8243408
6065 15162409 0.1917114 1.3999023
21990 54972629 -2.338867 2.0639648
25619 64045463 0.9556884 0.7790527
8484 21209258 0.3672485 2.3715820
27301 68251768 -0.508300 -0.645385
8545 21360143 -0.748535 2.9355468
29280 73199513 -0.273376 -1.930664
10495 26235620 0.5098876 0.9753417
11942 29853106 0.2531738 -2.437011
14895 37236137 1.4160156 -2.930175
10899 27246037 0.5233154 2.3774414
10900 27247599 1.6933593 2.8349609
22603 56506130 2.1977539 -2.077148
22615 56536902 0.2830810 0.1518554
24635 61586169 1.2180175 2.1347656
11144 27857944 -0.303649 -0.066497
20887 52216420 2.0556640 -2.069824
20888 52218117 -1.751708 -0.855590
21462 53652692 0.3772583 -1.501953
26499 66245615 -0.565917 -0.392822
21105 52762481 0.4291381 0.1286621
13499 33746248 -2.172363 -1.084228
8411 21025100 0.4096679 -2.790039
29461 73650312 1.8684082 -1.552734
1163 2907128 -1.090820 0.1781616
4900 12249655 -0.933959 -0.011442
26371 65925547 -0.761840 1.546875
7204 18008219 1.3403320 0.3971557
25646 64114434 -1.047363 -2.84375
9879 24695314 -0.451538 -0.110916
13985 34962037 -0.525756 0.9068603
7725 19311248 -2.005371 -2.945800
5762 14402924 -0.076873 1.4472656
9069 22670088 -0.579589 -0.760253
11860 29648602 -0.133728 1.0878906
24513 61281392 -0.296447 0.7006835
10724 26808473 1.5808105 -0.557617
7816 19538614 1.7836914 2.6948242
18348 45868585 0.2863159 -2.380371
8976 22439487 -1.898193 -1.750732
23045 57610122 -0.040245 -1.632324
15277 38190308 1.0407714 -0.779785
22626 56564037 -1.757324 1.6208496
10975 27435619 -1.357910 2.2158203
10596 26488971 0.1779174 1.3471679
20448 51118381 -0.073852 2.9506835
20277 50691484 1.6865234 1.2753906
23021 57552154 -1.331542 -2.097167
22020 55049987 -0.649780 -0.900024
22066 55164292 1.9238281 -1.147949
22255 55637020 0.8537597 -0.276184
21564 53908624 -1.995849 0.4765014
21716 54288806 0.9467773 2.3764648
15152 37879025 0.3769531 -0.882812
19524 48809292 0.1382141 2.5434570
18840 47097980 -1.710693 0.4843139
21568 53919691 0.4201049 -0.788085
21066 52664242 0.265625 1.7504882
21067 52667179 0.3392944 -2.694335
22386 55962622 -0.121902 -2.786621
64 158983 -0.038330 -1.386718
11449 28621866 -2.313964 2.0898437
82 202838 0.0796356 2.5195312
5501 13752270 -0.098388 -2.272949
19838 49594892 -0.808471 0.4808349
11586 28964840 0.2829589 3.0117187
511 1276050 -0.531372 0.9155273
9873 24681338 -0.606201 -0.848876
29059 72645920 -0.400390 0.5047607
24956 62388485 1.0258789 -1.294433
4064 10157654 2.1596679 -1.239746
11804 29507543 -0.194946 -0.353454
11804 29507734 -1.615234 -2.206542
14850 37123637 0.5352783 -2.464843
14871 37177000 -1.112060 -1.684570
16380 40948839 1.2016601 2.1347656
29659 74145478 -0.179809 -2.453125
7098 17744219 -1.980224 1.4216308
27776 69439744 -0.041038 -2.621582
26310 65773112 -0.015846 0.3501586
11719 29296783 -1.233398 -3.058593
5247 13115902 -1.053466 2.2314453
2122 5303472 0.7247314 -2.211425
24578 61443472 -1.815429 2.1879882
2670 6674393 2.2700195 2.0493164
18308 45768704 -1.309082 2.4189453
2325 5810444 0.9344482 -0.481750
2592 6479264 -0.413879 3.0449218
24247 60615800 0.5574951 -1.455078
14502 36252781 0.4266967 -2.808105
17038 42592919 0.3055419 -2.973632
28821 72051045 1.1564941 0.3511352
4293 10730783 -0.011587 2.6879882
10044 25107548 0.8427734 -1.726318
16035 40087147 -0.770996 2.5083007
24770 61922733 -0.183776 -0.231658
12638 31593412 -2.186035 -1.733886
22224 55558400 -1.944091 2.6850585
18989 47472319 0.4369506 2.7026367
23955 59885600 -0.268981 -2.013671
27252 68128458 0.4959716 -0.564819
17623 44056742 -0.301513 -3.116699
29390 73474063 -1.805419 -1.033447
17658 44144630 -0.637207 -1.479736
6659 16646300 0.3104248 2.1000976
7864 19657920 -1.188232 -2.153320
27559 68896183 0.5025634 3.0629882
26758 66894717 1.40625 -1.481201
26317 65790803 1.9296875 -2.875
28864 72158227 -1.797607 2.2822265
23457 58640605 1.3264160 -0.355468
23403 58506338 -2.044433 -1.349121
21724 54307569 2.0483398 -3.077636
21735 54337207 1.1662597 2.9448242
22468 56169264 -0.415405 0.8692626
12164 30409532 0.8681640 2.9877929
14786 36963880 -0.993286 2.1386718
12230 30573130 1.4299316 0.9462890
11789 29471305 0.6011962 0.6936035
12663 31657429 -0.582153 -1.469482
12666 31662511 1.1613769 -1.708740
14238 35592636 1.3696289 -0.445129
13635 34085749 -0.584960 0.8570556
14739 36845571 1.8288574 -0.289855
29513 73780199 1.7519531 2.0283203
27011 67527272 -0.255615 -1.766845
6037 15090960 0.4718627 0.7149658
13323 33306484 -0.257934 1.8613281
13326 33314100 -0.331848 -2.017089
5939 14847220 -0.330139 -0.218261
6212 15528283 0.6746826 2.3208007
2686 6713271 0.0156517 1.5866699
10475 26186483 -0.450866 2.4863281
3723 9305873 1.1428222 0.9981689
23506 58764806 1.734375 3.0605468
4048 10118401 -1.328369 -2.835937
5083 12705161 -1.924072 1.7326660
5962 14903659 -0.280273 -2.510742
26006 65013601 1.71875 2.9458007
27715 69287178 0.3885498 0.1612854
24565 61411754 1.3781738 -0.953247
11485 28710023 -2.138183 2.4467773
17847 44615149 1.4033203 2.4926757
7457 18641218 0.9625244 0.9356689
22140 55349023 -1.894531 2.6196289
12438 31093708 -1.038818 2.4165039
23436 58589730 -0.130615 1.7934570
23531 58825350 -2.210937 -2.877441
10879 27195988 -0.507446 0.9383544
20025 50061287 -1.769287 2.9096679
11168 27918130 -0.771606 0.8431396
11195 27985939 -0.570312 1.8320312
11275 28187239 -0.512451 -2.846679
13146 32863216 -0.583129 -0.223846
14626 36563312 1.6923828 2.1860351
20532 51328788 1.1662597 2.3178710
19450 48623174 0.5299072 0.2698364
24663 61656390 1.0698242 -2.271484
22092 55227797 -1.356201 1.7993164
429 1071528 -0.093521 2.1020507
504 1258836 -0.327880 -1.017578
954 2384716 0.8577880 2.4477539
2493 6231743 -0.086853 0.5306396
7684 19208165 -0.254150 -2.252441
2379 5947449 1.4323730 0.8937988
10570 26423626 0.7901611 -0.671508
25884 64709975 -0.778930 -0.235931
28643 71605564 -1.655029 2.5317382
9179 22946069 -1.256103 1.9594726
6425 16060446 -0.406616 -3.084960
22746 56862749 -0.206726 1.8627929
26385 65961869 -1.858642 -1.020996
19712 49279398 -0.183227 -0.370605
22268 55668249 0.5170898 2.4189453
14367 35917116 -0.526611 -1.315917
14274 35684571 0.8988037 -1.934326
11728 29317881 2.1835937 -1.597656
14176 35439344 1.2172851 2.0019531
24442 61104072 0.9012451 -1.699707
22814 57034244 -1.293945 2.2954101
10804 27009679 -2.302734 -2.496582
12153 30382331 2.2792968 0.2027282
11073 27682428 1.0964355 -1.032470
10968 27419298 -0.907958 0.3747558
11367 28415317 2.2089843 0.3859863
20666 51663061 -2.434570 -1.743896
21026 52564668 -0.683471 -1.287353
11644 29108159 -0.008468 -0.111648
11963 29906285 -1.002441 -0.404724
12302 30752724 -1.104248 -0.209838
21517 53791046 0.7453613 1.8615722
14041 35100754 0.9700927 -3.125488
14702 36754570 -0.231597 -2.782714
27553 68882109 1.8166503 2.0664062
4494 11233776 -0.022949 -1.171630
8607 21515645 1.8276367 -1.608154
5278 13193598 -0.985351 -0.029994
443 1105545 0.0950317 -2.562011
16711 41775923 2.1601562 -2.931152
25025 62560546 1.8293457 0.0093479
6695 16735017 -0.829101 0.1121673
15689 39220479 1.1020507 -0.693603
18329 45821508 -1.638183 -1.325927
17123 42807282 -0.278991 -0.605834
7952 19878909 -0.030452 -2.591796
7955 19886967 -0.756591 -2.573242
25160 62898169 -0.890747 -0.310058
28830 72072974 -0.547363 -0.924926
2514 6283092 1.8161621 2.9409179
18984 47458584 2.1445312 -2.432617
25346 63362748 1.2668457 -1.302246
14413 36030212 0.4956665 0.9754638
9512 23779656 0.4600830 1.7292480
15729 39321379 -0.843017 -1.353759
26235 65585217 -0.783203 -1.755859
27927 69815454 1.9377441 -0.391174
27927 69815738 0.5249023 -1.561523
8102 20253221 -0.824096 -0.729736
17887 44715490 1.3359375 2.5297851
29284 73208455 -2.199218 -0.895019
20871 52175276 -0.594116 -0.907836
10333 25831197 2.3159179 -0.306945
11076 27687954 -2.325683 -2.871582
23487 58715080 1.359375 2.9829101
11541 28852072 -0.444030 2.0302734
16270 40672546 -0.189666 -2.470703
28155 70386256 0.2438049 1.7421875
17149 42870504 -1.606201 -0.696899
24889 62220309 0.8140869 -1.274902
24890 62224857 1.3308105 0.6490478
29731 74326595 -0.793090 0.8422851
17591 43977422 -0.369628 -0.811279
17594 43984354 0.9898681 -0.941772
26128 65319632 -0.641113 -1.794189
24616 61537917 1.8105468 1.0678710
18492 46228240 0.1702270 2.0429687
26990 67473211 -0.216888 0.5092773
22998 57494274 -2.312988 2.0576171
23182 57953029 -0.458496 2.8559570
23185 57960151 0.9924316 1.5234375
28492 71229390 -1.255126 -1.445312
23807 59516688 0.9699707 -2.833984
28624 71558807 -0.311035 2.7202148
5188 12969451 -0.747314 1.2797851
7678 19192555 1.2197265 0.6599121
7679 19197212 -0.635620 1.5515136
8454 21133959 -1.655517 2.4819335
1847 4615736 -0.587646 -0.383605
1736 4339515 1.2971191 -3.136230
15351 38375450 -0.273254 -0.939453
18540 46349387 -0.484924 -3.088378
18538 46344881 0.4132690 2.9257812
4053 10130223 0.0221443 -3.017578
26852 67128583 0.0514984 -1.488525
26853 67131035 -1.620849 1.8715820
26854 67134356 1.4567871 0.9346923
28766 71913182 0.9898681 2.4931640
24248 60617864 -1.773925 -1.871337
21891 54726377 1.8393554 1.9479980
21893 54730006 -0.614013 -0.466064
9168 22918342 -0.302734 -1.932861
5009 12521073 1.3051757 1.4462890
26470 66173991 0.3471679 2.6035156
7264 18159446 -0.103622 2.4726562
9344 23359512 1.9367675 -0.393859
2709 6771491 2.1206054 -0.160583
19249 48120113 -0.194519 -1.733154
6898 17243282 1.1428222 0.0812683
17020 42547532 0.2817382 2.5820312
9165 22911018 -1.394042 -3.000976
18347 45865976 0.2603759 -2.304687
11727 29315233 -0.454895 -1.787841
20902 52253099 0.7468261 -1.812988
25842 64604828 0.4321289 1.0844726
9586 23964855 -0.811157 1.6359863
27787 69466334 -1.432861 -2.181152
5015 12536573 -0.880126 -1.915527
5127 12817247 -0.584716 2.0141601
7104 17757883 1.3200683 0.6400146
7122 17804068 0.3300170 -1.997070
4273 10682019 -1.799072 -0.914062
7125 17811232 0.4765014 0.0891418
12071 30177281 -0.039466 0.0520935
25118 62794370 -1.657958 3.1328125
5285 13212178 -0.053398 -0.773559
19987 49966361 1.1940918 -2.535644
13993 34981221 -0.090072 0.2871093
18675 46685440 0.1260375 -2.497070
27975 69935090 -1.044189 -0.972167
8945 22360170 1.9213867 -1.474609
8623 21555229 -2.133789 -1.411865
10736 26839126 0.9235839 2.7011718
11126 27813381 -0.934204 -0.669311
9193 22981938 -0.636230 -0.004680
13050 32624859 -1.833496 0.6622314
13038 32594958 1.9946289 -1.988281
20156 50389489 -0.361206 0.5220947
24671 61677212 -1.577636 -1.777832
24848 62119203 1.1481933 1.9975585
20670 51672624 1.0134277 2.9472656
24338 60843684 -0.454833 1.6567382
14723 36807004 1.2065429 -0.897705
17983 44956521 0.2648925 -2.711914
18754 46883740 0.0583953 -2.236328
14184 35459540 1.3312988 0.4729614
14234 35584571 -0.406372 -1.788330
21069 52670024 0.4927978 0.7518310
21097 52741481 -1.105957 -1.548095
22388 55969268 -0.249694 -0.733154
367 915974 -0.040679 2.0161132
369 921909 -0.949707 -0.332641
6400 15999284 -0.518554 1.9416503
10427 26066386 -1.972412 -0.501464
302 754629 0.3107299 0.0850524
1122 2804948 -2.117675 0.5834960
20207 50515967 -0.444335 0.3094482
1379 3445898 -2.330078 -1.977294
2808 7018954 1.8325195 -0.948730
2819 7045928 -1.367187 -2.239746
6722 16802722 -0.181121 0.0210494
3529 8820834 0.3347778 1.1279296
19086 47712695 -2.179687 -2.014160
24584 61459304 0.1582641 1.8732910
3073 7682248 1.5776367 0.4705810
22168 55418061 0.5830078 2.4321289
18507 46267452 1.7639160 0.2195129
4137 10340705 0.0823822 2.1948242
4137 10341084 0.8168945 -0.560058
8856 22138221 -0.873413 -2.734863
18509 46272497 -1.283691 1.8430175
18541 46350370 -2.483398 -0.281127
10378 25944319 2.4248046 0.8419189
11095 27736463 -0.374450 3.1035156
6871 17175031 -0.477355 -0.898193
6014 15032669 -0.858398 0.6446533
29706 74263013 0.2299804 0.9621582
6719 16795731 0.7529296 -1.308105
19781 49450081 0.0076646 -0.499023
10262 25654328 0.6757812 2.0463867
10264 25659954 0.4077758 2.0336914
11913 29781191 -0.197509 1.6447753
9769 24421357 -0.472229 0.0645446
16211 40525355 0.5131835 -2.502441
9896 24739079 0.4226074 -2.813476
11630 29073378 0.8013916 -1.770996
22275 55687320 -0.042083 1.7504882
10659 26645274 -0.849975 3.0976562
10589 26472342 -0.709594 -0.897460
22416 56038960 0.4829711 0.2225952
10642 26603673 2.3452148 -0.696655
22577 56441251 0.3576049 2.4262695
12342 30853527 -1.010498 1.4782714
12344 30859518 -1.064941 1.2888183
13092 32729501 0.5336914 2.4287109
13095 32736352 -0.508178 2.1914062
13670 34174328 0.3787231 -0.209320
14655 36636883 -0.481506 0.1878051
14927 37316944 -1.584716 -1.769042
14356 35889622 1.0825195 1.4033203
23381 58450211 -0.476928 -2.687011
23821 59551237 0.7183837 -2.370117
23942 59854459 0.3413696 1.2548828
29371 73427326 0.6385498 0.7893066
21994 54984690 -0.970092 0.9180908
14808 37019156 -0.466674 0.0640716
20690 51724815 -1.992675 2.1289062
14357 35890654 -1.435058 0.2581176
21839 54597170 -1.326660 -1.240722
24734 61834450 -1.427734 -2.000976
25612 64028924 0.9807128 -2.955566
45 112265 1.4133300 -1.275146
19876 49689656 1.5649414 -2.653320
20916 52289435 -1.069091 2.5634765
17458 43644169 1.2312011 -0.029872
710 1773100 1.7202148 -2.145507
19236 48088211 -0.892944 0.4901733
19240 48097520 0.5073242 0.6517333
20312 50778091 -1.927001 -2.464355
15296 38238046 -0.364685 -2.449707
1889 4721495 -1.830078 -2.796386
24255 60635721 1.7631835 1.0981445
16661 41651840 -1.373779 2.0175781
3915 9785228 0.9790039 -0.574218
3973 9930318 -0.860717 0.5806884
5550 13873545 -0.994506 0.9001464
21314 53283265 -2.001953 -1.470458
22317 55791308 -1.837402 1.7587890
24701 61751481 -0.739013 1.9025878
6941 17350315 0.0896148 1.6418457
7292 18229528 2.0253906 1.9436035
21047 52615920 -0.458007 0.8111572
10768 26918535 -0.927734 -2.451660
25854 64634909 0.1350708 -0.252014
3989 9970520 -0.237670 1.0683593
6194 15483525 -0.783813 0.7882080
8677 21690007 0.0688781 -2.953125
6274 15683060 -0.515380 2.6372070
6281 15702396 0.5673828 0.4190673
15491 38725627 -0.702026 0.9971923
26661 66651493 2.3051757 1.9553222
26667 66665456 -0.023490 2.8266601
26679 66696926 -0.701171 2.8461914
11022 27553993 -2.398925 0.4638671
12920 32299650 1.5725097 1.5566406
24051 60125141 -0.562255 1.9443359
16557 41391491 -1.092285 1.1367187
18703 46756219 -2.454589 0.1322021
18705 46761563 1.6538085 2.9423828
27278 68194222 0.3861694 -2.581542
26344 65858454 -0.607910 -2.836425
18422 46054212 1.1469726 -2.765136
23001 57501202 -1.277099 -2.379882
1073 2680301 -0.339294 -2.435546
1796 4488409 -0.056785 -0.322814
15387 38467121 2.4272460 -0.365600
15434 38583230 0.0156478 0.3436889
16644 41607546 1.8872070 0.9055175
27833 69580961 -0.102111 1.2905273
2016 5039647 -0.221954 0.5092773
2017 5041971 0.3569946 2.5820312
18737 46841716 1.7526855 1.4616699
8130 20323692 -0.665649 0.4334716
4473 11181020 1.3195800 -1.664306
17690 44222841 0.8452148 -0.391845
22921 57300027 0.6062011 -1.243652
2742 6853081 0.7877197 -1.705322
2919 7295725 0.2015686 0.3832397
4351 10875961 -0.278747 0.2957153
17430 43574640 0.0175781 -1.588867
25603 64006344 -2.244140 -0.299072
24260 60648210 0.5838623 2.4155273
29894 74734480 2.0249023 -3.058105
6637 16590152 1.3261718 1.7885742
7764 19408211 -1.233398 0.4183349
17873 44681724 -2.002929 -0.832885
23015 57536885 1.703125 -1.586181
9881 24700693 1.6533203 -1.982177
25735 64336739 -0.094757 2.921875
28111 70276966 0.6622314 -2.020996
28369 70920610 1.5607910 -1.153076
9839 24596687 0.3988037 -1.258056
9839 24597079 -0.441955 2.6850585
23327 58316392 0.9045410 2.5859375
17286 43213862 1.0920410 2.5639648
16964 42409955 1.1333007 -2.742187
27940 69848968 1.7668457 2.2763671
22654 56634785 0.5987548 -1.255126
23359 58395866 0.5876464 -1.587402
22471 56177109 1.1032714 1.4235839
21985 54961384 -0.103759 -0.308532
25384 63457507 -0.179687 -1.154296
11957 29890816 -0.570068 0.6489257
24385 60962244 0.4436035 -0.366760
24692 61728192 -0.585205 -0.908691
13315 33285772 -1.966552 2.3779296
24824 62058528 -1.428955 -0.127014
16968 42417844 -0.834716 -1.262207
18 44827 1.4226074 1.7243652
918 2293860 -2.222656 0.6763916
3673 9181042 -1.645263 0.2698364
27456 68637723 -1.076660 -1.538330
3096 7739806 -0.429077 -2.478515
5701 14250194 1.5837402 -0.874755
5705 14260676 0.7910156 -2.069824
2176 5439995 1.0681152 2.9418945
1419 3546797 0.9467773 -1.843994
25395 63486171 1.1584472 -2.191894
16642 41604877 -1.351318 -0.574707
8420 21047539 -1.621093 1.8559570
7045 17610322 -0.614135 -3.083984
28180 70447517 2.1528320 2.6459960
9222 23054780 -0.174835 1.9584960
9057 22640851 -1.777343 1.7226562
18001 45000777 -0.015439 3.0380859
2767 6917345 -0.507690 -1.733642
9421 23550407 -0.794433 1.6337890
16667 41665535 -0.021018 2.9726562
16877 42191859 -0.862426 -1.230468
7904 19758267 -0.427551 -1.330810
26279 65696783 -0.224060 1.8176269
6131 15326241 -0.456726 -2.254394
9391 23476003 0.5850830 1.7741699
6588 16469908 -1.305175 1.2946777
26244 65608494 -1.143798 2.8623046
8204 20509496 -0.221557 0.8099365
19262 48153351 -0.737182 -1.921142
16416 41039254 -1.270507 0.7313232
7959 19896932 1.5773925 -2.515136
7779 19446386 -1.773925 2.2661132
16142 40353183 2.1176757 1.0991210
16143 40356336 0.7182617 1.3942871
16259 40647271 0.3787841 -2.309082
16266 40664200 -1.299560 -2.754394
11680 29199462 0.2504882 2.1323242
19416 48538442 -0.900512 1.6281738
19420 48548673 0.6757812 0.3045654
20328 50818359 -1.144287 -2.118164
16487 41217188 1.8403320 -1.307861
28009 70021047 -0.380187 -1.728515
13714 34283645 -0.530029 2.6997070
22094 55234692 1.9472656 -1.472900
23524 58809198 -0.679931 -1.742675
12602 31502894 -1.092773 3.0483398
17169 42920987 1.3293457 -1.624511
15563 38905880 0.1020812 1.7294921
19789 49470083 -0.009958 -0.921386
26313 65781503 -0.577392 1.2480468
21111 52775664 -0.408447 -0.763793
23900 59749712 1.6538085 -2.859863
28389 70971659 -0.704711 -1.241699
28495 71236565 -1.440673 -0.305358
17905 44760302 0.5731201 -2.386718
21163 52906060 -0.421508 -1.411865
28161 70401947 0.2497253 -2.288574
28316 70789202 0.0911865 -0.740966
27066 67664579 -1.201416 2.8525390
29333 73331829 1.3259277 -1.976806
29334 73332916 0.6182861 -2.503417
29744 74359242 -1.935302 -2.466796
1127 2815023 0.9230957 -2.988769
818 2043320 0.3472900 1.8918457
29479 73695143 0.7519531 0.8638916
19423 48555627 -0.818725 -2.748535
253 630182 -0.928833 -2.474121
755 1886222 -1.619873 -1.931884
823 2056022 -1.624023 -1.984619
592 1478881 -0.211059 0.8105468
1624 4057855 0.3489990 -0.954101
19878 49694359 0.4292602 -0.475158
15081 37700210 -1.688476 0.8903808
4916 12288917 0.0357742 -1.609130
4916 12289549 1.1687011 2.7021484
1769 4421771 -1.623779 2.0024414
1782 4453945 1.3161621 2.8911132
16209 40520577 -0.667114 -2.339355
22435 56085163 -0.567993 1.8181152
16816 42037921 1.5961914 2.8486328
16829 42070557 -1.687011 -2.467285
3060 7649616 2.0639648 1.9770507
6347 15866755 -2.426269 0.5488281
6442 16103379 0.0909729 0.3901977
6427 16066410 -0.521240 -2.173339
7481 18700155 0.2275695 -0.802368
3926 9812569 -0.917480 -3.104492
18093 45231166 0.3414916 -2.958496
26903 67257032 0.7088623 1.7651367
28424 71059498 0.0963592 -3.132324
28382 70953725 -0.384765 -1.567138
7521 18802383 -1.575439 2.9995117
12538 31344750 -0.149261 2.2719726
13752 34378022 -1.296142 0.6040039
13752 34379913 1.4140625 -1.887451
13900 34748153 0.2591552 -2.039550
11658 29144803 1.7839355 2.9287109
22375 55936434 2.3359375 -0.570678
27163 67905626 0.7683105 -1.696533
17838 44593339 0.6823730 0.9140625
21609 54020797 1.8395996 0.8371582
21794 54484581 1.3461914 -2.615722
22143 55356022 0.1490783 -1.282470
22243 55607065 -1.605224 1.1791992
22245 55612200 -0.650268 -1.284179
28958 72392600 0.5855712 1.6557617
28388 70967602 -1.323730 -1.267822
11544 28859833 -1.727783 1.9392089
11701 29251942 -0.715087 -0.158569
22913 57281327 1.1176757 0.6130371
5033 12581388 -0.684692 2.4213867
11581 28951337 -0.606811 0.3915405
16596 41488901 1.7299804 1.7358398
652 1629103 -1.072753 0.2323913
653 1631600 -0.707031 2.3208007
655 1635492 1.7687988 1.3278808
29339 73345456 -0.263305 2.1469726
17469 43670906 0.6580810 -2.989257
1483 3706758 1.1062011 -0.676635
1487 3715401 -1.987548 -0.144805
17121 42801038 2.3789062 -1.725830
25558 63892951 -0.073898 -0.001148
1639 4096037 1.7353515 1.8393554
1762 4403382 2.1699218 -0.902832
4753 11881756 -1.257080 -2.822265
2596 6487635 0.1720581 -2.376464
17935 44837067 -1.052490 2.8955078
13186 32963589 1.4313964 0.6979980
12793 31980618 2.4375 1.1943359
29681 74200139 1.4033203 2.265625
8609 21520603 0.8930664 -2.990234
26565 66411104 -0.438659 -2.514160
9396 23489752 -0.493347 1.8894043
29688 74217724 2.0346679 0.7398681
26956 67388646 -0.709594 1.0993652
27309 68271718 -0.475158 2.4033203
19221 48052080 0.2228698 2.1948242
4984 12457790 -0.701904 0.7536621
7663 19155316 -1.385253 -1.738037
17635 44085774 0.9036865 0.4385375
17639 44095809 -1.632568 -1.318847
27098 67742626 0.8294677 -0.288330
11758 29394295 0.6861572 -0.069000
24120 60299929 -1.586181 -1.435546
7571 18927291 -0.686401 -1.523681
7561 18901366 -2.216796 1.4328613
7248 18119129 -1.422363 -2.536132
19886 49714202 0.0682678 2.7700195
13727 34316729 -0.538818 2.1069335
14470 36173292 1.1196289 -2.524902
14507 36265895 -0.519653 -1.053466
8815 22036749 -1.611572 -0.861450
12009 30021926 0.2867431 -0.929565
11772 29428907 -1.291259 -2.965332
15977 39942355 0.9334716 2.7026367
9677 24190623 -1.092285 -0.213836
20389 50970184 0.1410827 -2.286621
21809 54522340 -0.790527 -0.832397
20406 51014451 -1.167724 1.1716308
12018 30044842 -0.051788 -3.031738
24660 61648115 0.1883544 0.3826904
26477 66191491 -0.606079 -0.777832
28723 71806659 -0.660888 -2.608886
24399 60996018 -1.997070 0.4746704
29747 74366235 0.0124626 0.5692138
28073 70181475 2.3784179 -1.846191
27590 68972744 0.4050292 -0.647583
19002 47502634 1.0686035 1.5917968
19003 47507160 -0.095794 1.3229980
19023 47555901 0.7425537 -1.956298
4885 12210692 2.1640625 -2.218261
4122 10302808 0.5765380 -0.574096
538 1343201 0.1859436 3.0278320
29285 73211845 -0.414794 -1.860595
15961 39900966 -0.750732 0.9752197
8027 20067462 0.5673828 2.7314453
14638 36592678 0.1335754 0.1265563
21425 53562057 0.8148193 -2.923339
1700 4250000 1.3540039 -1.191650
140 349704 0.6704101 2.1225585
9862 24654207 -2.246093 1.9697265
158 394911 0.9682617 2.5136718
24128 60318036 0.5784912 2.6030273
1195 2985076 0.5739746 1.2587890
29485 73710539 -2.130859 -1.945312
6504 16257928 -0.535034 -2.173339
1978 4944134 -2.026367 -0.253112
17198 42993858 -1.377929 -2.942382
7206 18014951 -1.934326 0.3163452
1523 3805640 0.1230163 -2.661132
4331 10826360 -0.084167 0.2200927
3128 7817887 -0.626708 -1.794921
19371 48425103 -1.743896 -0.588745
19372 48429248 -0.859008 -0.146331
1540 3849763 -0.358337 2.0908203
27486 68713717 -2.164062 1.1743164
17452 43628075 2.1640625 -0.319824
25885 64711292 -2.304687 2.6982421
19381 48450239 0.8277587 -2.777832
19381 48452295 -1.681640 -3.086425
25350 63374870 -1.729980 1.2131347
4419 11046283 1.1750488 3.1225585
15329 38320948 -0.350463 2.1074218
16842 42103050 -1.327636 -2.076171
29248 73118134 2.0346679 0.6088867
14977 37442173 -2.199218 0.8410644
12841 32102198 2.4453125 -2.000488
13060 32647946 0.4236450 -0.996582
12895 32237190 1.0246582 0.2860717
4014 10033676 -0.051986 -0.958007
6210 15524090 0.9683837 -1.944580
6298 15744978 0.2429504 -0.440307
13771 34427091 0.4746093 0.5004882
13778 34444054 1.0830078 0.6531982
4523 11306556 1.6982421 -0.814697
5926 14814146 -0.108596 1.2749023
25944 64858425 2.1655273 0.7882080
16722 41804697 0.4533691 0.3652954
25566 63912631 0.703125 1.7456054
8834 22082971 1.2814941 2.7841796
19845 49611282 2.2993164 0.0367813
19847 49616390 -0.611694 0.2658691
8246 20613087 -1.311035 -1.293212
8246 20613278 -1.966552 1.6027832
27322 68303420 0.4753417 -0.594482
9083 22706018 0.4841918 -1.873046
6784 16959814 -0.326660 1.9011230
27007 67515490 -0.468078 -0.122512
17196 42988835 1.0402832 -0.300048
12357 30892493 -0.754882 1.0551757
25774 64433767 -0.224273 -2.451660
26864 67159927 -0.166534 -2.160644
7425 18560157 0.4898071 -2.984375
13943 34855985 0.4672851 1.7993164
13945 34860852 -1.370361 -2.705078
9116 22789119 1.0527343 2.6811523
14406 36013583 -1.882080 2.4804687
20345 50861808 -0.659179 0.8105468
27654 69132542 0.2656860 0.3441772
22993 57480389 0.7491455 2.9042968
23366 58412807 -0.645019 0.0511398
23368 58419988 0.6868896 2.1000976
23777 59442341 0.0321350 -0.992309
19685 49211863 1.9948730 -0.721923
26346 65862534 -1.369628 -2.943359
781 1951429 -1.151367 1.1286621
25302 63252982 -1.306640 0.5217285
15742 39352834 -1.784667 0.3377075
28905 72260409 -0.592529 0.3092041
1911 4776509 -0.238098 1.8291015
27359 68395591 -1.849121 -2.396484
18750 46874462 1.9965820 1.6953125
26555 66385518 -0.906982 1.7700195
16821 42052219 1.1992187 -0.950561
29693 74231865 -0.123031 0.8677978
4075 10186897 -1.027343 0.7663574
25068 62669759 1.4074707 0.9965820
2146 5363852 -1.706298 -1.283203
17355 43386432 -0.435424 2.3588867
16122 40304851 0.9331054 -0.372070
3876 9689036 1.4316406 -2.363769
9626 24064421 -0.846679 -2.104492
9629 24071528 0.7590332 -0.290954
2585 6460878 -1.953857 0.2973632
18305 45760347 -0.732299 -3.100585
9597 23990998 -1.724121 -2.619140
6601 16500967 0.1408996 1.4707031
7635 19087162 -0.147705 1.0612793
8535 21336962 0.7075195 1.0205078
28054 70133847 0.2788696 0.5257568
28186 70462806 -0.969360 -2.026855
10088 25219070 -1.020019 1.8369140
24672 61679298 0.0146503 -2.128417
24672 61679600 0.0996856 -2.909179
29182 72952762 -0.399902 1.9223632
29588 73969632 -0.346374 -1.712402
26122 65303885 -2.229492 2.2456054
23640 59099760 1.3522949 2.4194335
23728 59317573 0.1142272 -0.339233
24404 61009626 0.0320205 1.7558593
29455 73636926 1.2785644 0.9680175
29848 74619216 0.1417846 1.3466796
28702 71754450 0.8692626 2.9306640
