223 1335188 2.1123046 -0.159484
3473 20835195 1.6965332 -1.805908
6169 37013307 -1.643798 -2.041015
6352 38111476 -0.502197 0.3189697
20270 121619937 1.6520996 1.6672363
4434 26600261 0.3242187 -1.665039
3725 22347439 0.8522949 -1.582031
16733 100392335 1.2009277 0.3073120
3121 18720484 0.0519256 0.4791870
3121 18725932 0.8652343 -1.244628
16710 100259473 1.2441406 -0.921386
3041 18240970 0.1807556 2.5190429
1619 9713279 -2.282714 0.2453002
8501 51005855 0.9536132 -1.518554
20787 124719312 0.3004760 -0.606201
20787 124721016 -1.702148 -0.206420
16697 100177604 0.7117919 0.5233154
23416 140493529 -0.266967 0.0394897
3457 20737479 1.6203613 0.5926513
1483 8894207 -1.561035 -0.837402
3321 19922921 -1.582275 -2.049804
8035 48208094 0.4711303 -2.135253
20804 124818067 0.5841064 0.2944946
1184 7102682 2.2045898 -2.830566
6008 36045402 0.7973632 -1.628173
16789 100731724 -2.210937 -2.149902
7930 47576456 -1.714843 2.2641601
1217 7301502 0.6090087 0.4793701
3010 18057854 -1.656494 0.6927490
3770 22618928 1.5800781 2.8520507
3791 22745343 0.7845458 1.8347168
8674 52043476 1.0439453 -1.983886
7267 43598048 0.1437988 2.9619140
20933 125596249 0.1606445 -0.768188
4657 27940478 -1.390136 2.9956054
3405 20429281 -0.172363 -1.121093
15583 93495916 0.2092895 0.2706909
22312 133867709 -1.651855 -0.296508
20656 123931252 -0.982788 2.5517578
23774 142638774 -1.692871 -2.837890
17672 106026338 0.3435668 0.0211219
18370 110214310 -1.955078 -1.891113
18157 108941266 -1.446044 -2.267089
12218 73303714 0.7248535 2.9453125
14602 87609436 0.4262084 2.2470703
14089 84528641 0.4836425 2.7778320
18425 110545276 2.2690429 -2.046875
13054 78321296 2.2841796 1.4672851
2997 17978306 1.8261718 1.2971191
16365 98188066 1.3334960 -2.253906
2239 13433113 -0.185852 -1.377197
7126 42750707 2.1547851 -1.573242
7511 45065788 -1.699218 1.2575683
18872 113228004 0.3873901 -0.490600
8424 50542409 -1.946777 0.5596923
11131 66781053 -0.023979 -1.357421
13176 79052559 -2.337402 -0.133300
11815 70889768 1.5554199 1.4020996
19048 114287640 1.0324707 -1.415283
19645 117869086 0.1390686 -2.459472
11176 67052101 -1.755126 -0.786254
10713 64277019 0.5479736 1.1022949
10769 64611011 0.4824829 2.4565429
10754 64520584 2.1083984 -2.643554
15457 92736575 -0.351440 2.5590820
13477 80858084 0.5665283 -0.776611
11800 70795657 2.3959960 1.7075195
12895 77364319 0.8271484 1.6455078
12640 75834257 -0.261108 -2.837890
12664 75980295 -1.320800 1.6638183
15837 95020901 0.1427001 0.4430541
16366 98190714 0.4661865 2.2319335
16544 99261972 -1.435546 1.1010742
16554 99319919 -2.127441 -1.003417
17654 105923220 -1.258789 -1.923583
17348 104083327 -1.451660 1.4846191
17448 104683484 -0.598510 1.3444824
17448 104685088 -1.989013 2.9946289
19882 119289650 -0.787231 1.9565429
19747 118480449 2.4082031 0.9514160
19706 118235017 -0.575927 -0.702270
20970 125817641 0.0267181 1.8476562
20123 120736276 1.8376464 -1.857666
21722 130327347 -1.587158 -1.011230
25478 152862366 0.1983947 1.484375
25227 151359978 -0.975219 -1.100585
21657 129941127 -1.781738 -1.416992
4254 25521642 -1.326171 -1.267089
2131 12780586 0.5551757 -0.134613
2564 15382751 1.5751953 -0.092147
4146 24872858 0.4998779 1.2028808
6296 37770455 2.1489257 2.8276367
2401 14401423 -1.242187 2.3354492
2654 15922656 0.3367309 2.7133789
438 2622557 0.6739501 0.7006835
24304 145819762 -1.207275 2.2963867
24304 145819940 1.2209472 -0.966186
24743 148453875 -0.927612 -2.265625
24758 148547594 -0.410644 2.5908203
26272 157626049 -0.886962 -0.624877
26272 157628591 1.7917480 -0.513061
7828 46962561 -1.664794 -0.782714
732 4388232 1.8837890 -2.612792
3306 19830176 -1.713623 1.5681152
1478 8863763 1.7453613 0.0765228
3131 18780821 -0.301879 -1.207763
1553 9313615 -0.811645 1.5537109
7680 46075746 -1.635742 -1.220947
3925 23549832 -0.595092 -2.414550
4515 27086343 0.4353637 0.9821777
6158 36944615 1.3398437 2.5502929
24442 146647273 -2.220214 -2.824707
12051 72305064 -2.044921 -0.319458
14884 89300513 1.2263183 -0.745361
14884 89301924 0.1880798 -1.548095
12034 72202752 0.4465942 -2.712402
7359 44150176 -1.212158 2.3500976
24142 144847113 -0.715209 2.4130859
5896 35375708 0.0688018 -2.880371
24985 149905141 -1.064453 1.6457519
13832 82989200 2.2934570 2.609375
24880 149277490 -1.958496 -2.554687
7994 47963387 1.5744628 2.8623046
24923 149533902 -0.175933 -0.331298
23003 138016148 -0.379699 -2.466308
23720 142315096 0.4542846 -2.685058
17554 105322605 1.8747558 2.4775390
11125 66744303 2.3305664 0.2390441
13129 78773455 0.3811035 -1.537597
22019 132108382 -0.911621 -1.855957
24705 148227824 -0.459960 0.2424621
24428 146566624 0.4290161 0.5224609
24452 146711216 0.1466369 0.4523925
22823 136935600 -1.594970 1.5874023
24041 144241728 -1.230712 0.1002960
24950 149695063 -0.497070 2.9111328
23318 139902789 -0.027847 2.8901367
24614 147683303 0.1601257 0.2960815
26406 158430833 -0.132904 2.6772460
24143 144854115 -0.908447 -0.811767
24508 147046107 -0.804565 -0.547973
24747 148477492 1.1188964 -1.614257
24747 148479375 1.8315429 -1.753906
22077 132461044 -0.054801 0.3316650
8292 49746967 0.5101318 -1.386962
1102 6607585 1.3737793 -2.022460
4963 29775159 -0.627441 -0.568115
1451 8704690 0.3278808 0.5820312
4873 29232874 0.7885742 -2.141113
4635 27808709 2.1381835 1.7604980
20663 123975362 0.6750488 -0.743774
4802 28811387 0.1956176 -0.708496
20182 121088352 -2.411132 0.7724609
3774 22641516 0.3403320 -1.082275
20741 124440408 -0.189819 -0.827880
6990 41936560 0.5214843 -1.110107
20348 122084542 -0.581176 0.3263549
4995 29968459 0.5356445 -0.009704
6038 36225632 0.4001464 -3.038574
7382 44291893 -1.603515 0.1139373
5141 30841575 -1.936523 1.6354980
12907 77441828 0.0635681 2.8798828
18786 112712821 -1.427246 -0.457275
18396 110371435 1.6269531 -2.020019
9049 54290740 0.1969909 3.0532226
17172 103031449 1.1169433 0.6068115
17328 103963861 1.2871093 2.2827148
18514 111082512 -0.850585 -2.687988
23336 140013082 -2.172363 2.5908203
8323 49933048 0.3197021 -0.265808
18285 109705842 -1.586425 -2.903808
9145 54865287 0.6693115 -2.837402
9145 54869593 -1.115234 1.2512207
9419 56509353 -0.965454 2.1523437
9204 55222580 1.9382324 -2.286132
17150 102897691 -0.289123 2.5805664
9470 56815557 1.4069824 0.6566162
12309 73851152 0.3435058 0.9150390
9399 56390762 -0.968017 1.5178222
9643 57853472 -0.058273 1.2182617
17444 104659868 1.1628418 -1.584960
17580 105476995 1.1743164 -1.225097
17580 105477138 0.4379882 0.2232360
18461 110761509 -0.227294 -1.562744
9571 57423681 -0.841186 -0.257324
18838 113024950 -1.961914 -2.236328
26665 159989588 1.21875 1.6357421
11856 71133340 -0.936279 -2.178710
10825 64945927 -1.598144 1.3173828
10264 61580454 -1.030761 0.4497680
11973 71835318 2.0170898 -2.039062
11091 66540157 1.2583007 2.8613281
11906 71432971 -0.130615 1.1728515
10363 62173268 0.8809814 -2.501464
19696 118173477 1.7468261 0.5666503
22247 133478105 -0.376770 -1.298095
22247 133480075 -0.385131 -1.835449
11526 69154404 -1.350585 1.7897949
10569 63411075 1.8054199 -0.756225
22460 134757122 -0.855834 -3.016113
15430 92577851 0.3486328 2.8110351
15915 95487801 0.1596374 -2.886718
15060 90359737 0.3769531 3.0371093
11878 71265834 -1.052246 -1.910644
26311 157865315 -0.302551 2.1645507
11593 69557518 1.1779785 -2.622558
19166 114995312 -1.78125 -1.152099
22871 137223922 0.6987304 0.1194610
10702 64207313 0.4575805 1.9873046
15593 93552245 0.5023193 0.3568115
11778 70664439 -1.061279 -2.187988
10935 65605724 0.3197631 -1.157958
13208 79242470 1.2131347 -1.119628
11535 69204282 1.9643554 0.5264892
22223 133337602 -1.646972 2.6059570
19802 118807180 -0.234100 0.5285644
17230 103374037 0.0228843 -0.836059
17230 103376703 -1.714843 -2.224609
17243 103457717 -1.636962 -2.700683
17840 107037305 0.4340820 -2.787109
17979 107873487 0.9398193 0.1583251
18660 111959594 1.8608398 -0.923706
4821 28923678 -1.981689 3.0527343
3231 19383409 1.3549804 1.5378418
6941 41644493 1.0532226 -2.604492
20672 124027808 -0.397277 -2.890136
8141 48845918 1.6921386 -1.055908
8163 48977865 1.0385742 -0.998046
4874 29239434 0.1070556 1.9389648
1833 10995427 -0.930175 0.2855834
23857 143140796 0.0535202 2.3061523
1842 11051198 0.5897216 1.1811523
2738 16425370 -0.698242 2.0092773
4671 28025104 1.8881835 -0.256408
16590 99538618 -1.268554 -1.174560
1673 10033101 0.7297363 2.9028320
1375 8248824 0.1281433 3.0200195
1384 8302065 1.8745117 2.8349609
4198 25182119 -1.694091 -1.370605
6625 39745567 -1.630371 2.0371093
23627 141761405 0.6423339 -1.347900
12441 74642758 0.8782958 1.2485351
7017 42101670 2.2949218 0.3532714
8658 51944312 2.1582031 -3.033691
23806 142832298 -1.590820 -0.652343
7628 45764380 -1.119628 -1.153076
24828 148962890 -1.070556 1.2512207
8102 48611318 -1.609619 -2.556640
8272 49626473 1.8498535 2.1586914
8010 48059147 -1.954589 -0.569824
8324 49938133 2.5014648 -1.707275
8151 48905166 0.1983947 0.3599243
8421 50522607 0.9246826 3.0957031
8383 50296302 -0.215179 -1.438476
20743 124454285 1.8334960 1.9643554
8343 50057270 0.1447753 -0.523437
8771 52624709 0.8195800 0.2111511
23920 143515521 -2.310058 0.2821655
8453 50714959 0.8520507 -2.168945
8446 50670815 -1.635253 0.2040100
9484 56899815 0.703125 -1.180419
10000 59997912 -1.044921 -3.044433
11924 71543390 -0.845947 -0.859375
15394 92358032 -0.661987 -1.233642
10634 63800980 0.4595336 0.9976806
11284 67698794 0.0317153 0.4663696
11284 67700558 -0.020339 -2.598632
15097 90581118 -1.640625 0.8616943
11026 66153945 0.8441162 1.328125
13161 78963636 0.0507659 0.9442138
10827 64958154 1.1254882 -2.830566
10941 65640155 -2.211425 2.4443359
11610 69657118 1.7290039 -2.208007
12247 73478129 0.7864990 1.8491210
10994 65962847 -1.128906 -0.823608
10566 63391013 0.2035827 2.1005859
11299 67792187 2.0288085 -1.057373
10605 63627014 1.7612304 -0.443786
11192 67148139 0.3430175 -0.364929
11563 69376543 -2.144531 -2.709960
14561 87361636 1.9157714 -1.134521
13806 82833000 0.3525390 -1.740722
16596 99571477 -0.995361 -1.483398
16471 98821937 -0.238189 -2.125976
23370 140215421 0.4785156 2.2324218
19287 115717965 -0.194396 2.8291015
22200 133197922 1.9428710 -2.492675
15914 95483118 1.6816406 -1.345947
14014 84083874 -0.612304 3.0898437
19224 115340846 -2.420410 1.9494628
15130 90777213 -0.854614 -0.265869
15279 91672125 1.1516113 1.6877441
15397 92378206 1.4423828 -1.163818
14676 88052404 1.9465332 0.8699951
15663 93977274 0.8088378 -1.665039
15875 95249794 -0.861572 -2.463867
19349 116090344 0.2132263 2.2202148
19443 116656927 -2.361816 -1.218017
16129 96769360 -1.076904 -1.383789
4984 29901331 0.9178466 2.2485351
19050 114295244 -0.164916 -3.064941
22112 132671546 0.5604248 -0.476562
22550 135296426 0.2372436 -0.951416
892 5346442 0.6788330 -0.327880
24559 147348619 0.6363525 1.3076171
8152 48906981 -0.488342 3.0903320
8152 48911515 -0.332580 -1.348144
23821 142923628 -1.609375 1.0314941
9075 54447723 1.8815918 1.5029296
8956 53730200 1.7724609 0.4142456
2645 15865087 -0.520996 0.0978698
483 2897212 1.6647949 2.1435546
4412 26466480 1.1833496 -2.700683
4412 26467257 0.9860839 -2.780761
4412 26471746 0.1288452 0.1121521
252 1507631 -2.157226 0.6354980
475 2845068 0.4907226 1.8178710
787 4716325 -0.470275 1.8486328
17564 105379210 1.1965332 -2.190429
15089 90533422 1.1372070 1.2487793
8170 49015522 0.3518066 -1.729736
8170 49019096 -0.793334 2.4702148
23638 141825906 -1.683349 2.8930664
24469 146812496 1.1987304 1.0419921
6648 39883423 0.1161651 1.6965332
5178 31063551 0.7613525 2.7001953
17825 106944767 -0.220642 -1.748046
18648 111883507 -0.519409 1.1069335
8099 48592324 1.0322265 2.0615234
8105 48627649 0.5364990 2.8535156
8121 48720454 -0.809936 -0.829223
5536 33214986 -1.867919 1.8725585
12969 77810372 1.0932617 -2.349609
23944 143659051 1.7497558 -2.733886
21943 131656076 0.6641845 -2.860351
8148 48882467 -0.659301 1.6972656
8198 49185844 -0.946655 -2.030273
23813 142873272 -1.062744 2.6308593
9741 58441302 -0.003664 -0.318969
14721 88321582 -1.621582 -0.086853
18609 111652437 -1.127685 1.4912109
14760 88554389 -1.267089 -0.930664
14719 88311051 -1.893554 1.8010253
14719 88313944 1.9226074 2.4707031
14464 86778612 -2.040039 0.3347167
9182 55087597 1.7792968 -0.525024
19258 115545421 -0.522705 3.0571289
24060 144359329 1.1079101 1.5532226
21244 127459735 -0.853759 1.4284668
21407 128439574 0.9985351 0.7176513
25367 152200211 -0.067718 -1.045654
8983 53896499 1.6000976 0.2454223
10920 65518155 1.9836425 0.4429321
21445 128666498 -1.046142 -0.446655
245 1466970 -0.451660 -2.313964
238 1423089 0.9091796 -1.243896
496 2973402 -0.426208 -1.333740
469 2813570 0.1042938 1.8442382
623 3736327 1.8825683 -1.139648
624 3739236 -1.967285 -1.032226
23789 142730525 -1.700439 0.9971923
16888 101324004 0.1283874 -2.813964
24843 149053852 -0.158264 1.9677734
4702 28207633 -0.724243 1.2854003
1769 10612948 1.3054199 0.0318984
7651 45901514 1.0324707 -1.161132
20814 124881607 -0.148895 1.5273437
20814 124882584 -0.265441 1.8171386
20732 124391800 -1.281738 0.0572128
4665 27984434 -0.696777 1.6987304
8385 50304262 -1.823730 -0.878906
18338 110025917 -1.709716 -1.062744
18259 109552852 -1.594726 0.5104980
18519 111108422 0.4852905 -2.575195
9535 57208418 0.6116943 -2.233398
14416 86490309 -2.166503 2.0180664
18142 108846849 -0.115036 1.1694335
14882 89290896 -0.683349 -0.214965
9068 54404112 1.6079101 1.8413085
9368 56203003 -1.970703 1.6298828
9544 57259652 -1.717041 -2.297363
9715 58289012 1.1955566 -1.430664
17047 102278086 0.0871124 -2.505859
13133 78792518 1.1589355 1.3208007
19099 114592596 -1.612792 -0.344482
19542 117248358 1.2497558 -2.833007
22644 135860506 2.46875 0.3511962
15382 92287462 0.8121337 1.5632324
14186 85112962 -0.652221 2.4604492
21169 127011095 -0.195159 -2.269042
25145 150868741 0.0178070 0.0248680
25520 153115545 0.9378662 -2.903320
21581 129484883 0.4132690 -1.801025
21666 129994729 1.9782714 1.7395019
130 775081 0.9345703 0.7624511
72 429286 1.8872070 -2.753417
175 1048091 -0.221343 0.5446777
16425 98545631 1.0266113 1.9506835
1525 9146574 -1.734130 2.7163085
20716 124292611 1.4509277 1.5441894
45 264346 -1.071289 -1.246582
246 1474167 -0.332580 -0.149932
59 352502 0.7635498 1.3725585
16932 101588948 0.8701171 0.5639648
197 1177509 -0.391357 1.4057617
258 1546007 -1.777587 -2.432128
244 1458361 0.0548324 -0.563598
637 3818266 1.0544433 1.7775878
743 4452469 -0.157623 1.9748535
2828 16966350 -2.377929 0.3364868
468 2805281 1.2299804 2.1933593
472 2826823 -0.402099 -0.135467
510 3057348 -0.967041 -1.814453
513 3072819 -1.803710 3.0810546
505 3028675 -1.694091 -2.768066
2561 15364810 1.1528320 -2.615234
2410 14454407 -1.393310 -1.062988
1371 8220932 0.0776367 2.2290039
1420 8515241 0.1244049 -1.004638
6924 41542403 -1.587890 -1.655517
7440 44636959 1.9094238 1.2194824
7440 44639660 -2.035644 -1.932128
20552 123310141 0.6572265 2.0336914
4074 24441141 -1.418212 0.7769775
23650 141899529 -0.641235 2.6757812
4317 25898778 -1.247802 0.5242919
17841 107044131 1.4050293 -2.705566
17912 107466611 -0.030490 0.6191406
18608 111643021 -1.049804 2.3154296
5038 30225018 1.6721191 -0.923828
12771 76620968 -0.611572 1.2917480
14571 87420755 -0.265686 -3.021484
14688 88126849 -1.636718 -0.840820
5571 33425954 0.0980224 1.9392089
9320 55915941 0.7868652 -2.711425
18485 110904277 0.2687988 -2.038574
18485 110909239 1.4006347 -1.418945
18341 110040493 -1.062011 -1.563964
18470 110816532 -2.432617 0.1597595
18173 109035453 2.4848632 1.1127929
17514 105082686 0.0637969 2.8715820
18286 109714227 0.0368881 3.0996093
5869 35210633 1.0629882 1.4951171
17488 104924019 -0.486572 3.0488281
9703 58212195 2.1728515 2.9418945
9494 56960125 -2.320800 -2.008789
17027 102156282 -1.354248 1.8518066
21750 130495157 0.1317138 -0.544921
16633 99792744 -1.803466 1.4624023
2623 15737874 -0.697265 -0.128570
4669 28013474 -0.555664 -1.327148
2931 17580101 2.1445312 -0.126556
6602 39607969 0.7800292 -1.118408
4297 25780922 -0.835815 0.1175689
2669 16012947 1.8298339 -2.777343
20112 120668655 0.5062255 -1.050781
4489 26928056 1.9396972 2.2592773
1599 9588658 -2.073730 1.0939941
1251 7503075 -1.689697 2.4194335
3920 23515788 -0.758666 1.6223144
2184 13102435 1.4121093 -1.512939
8946 53675096 -1.927978 0.6776123
4053 24314964 -0.514648 -2.848144
20092 120550689 0.5864257 1.1018066
20275 121644198 -0.135040 -0.370300
7605 45627724 0.3288574 0.4564819
4273 25632472 1.4428710 -0.899902
4710 28259807 -0.283508 0.6021728
1933 11596277 1.2062988 2.1923828
1986 11913092 -0.771972 2.4628906
3264 19581702 1.6684570 0.3583984
4325 25948261 -1.572998 -0.971679
1720 10316643 2.0361328 -2.846191
4856 29132459 -2.030761 2.2153320
1917 11501484 0.8887939 0.0754547
16985 101904866 1.2937011 -2.256347
16985 101906660 -1.113769 1.4694824
23624 141741354 2.1772460 -1.560302
16778 100663280 -0.519409 2.8920898
13705 82227251 1.8361816 -1.657958
20719 124309782 -1.626708 0.8319091
3279 19671977 -0.378662 -2.171386
3308 19845742 0.1604003 -0.756225
6938 41623068 0.1152801 -0.923095
14025 84145577 -0.990966 0.0815277
25709 154251254 -1.952636 2.2871093
21853 131114030 0.6304931 2.0400390
25041 150242404 1.0219726 0.1636352
23294 139758098 0.2899169 0.3370971
11978 71862920 0.2844848 -2.730468
7036 42211136 0.1895751 -0.527709
24270 145616228 -0.904296 0.2225036
24879 149273935 -0.122406 1.5278320
5689 34131599 -1.680419 0.4056396
9936 59614219 2.4790039 -2.772460
20949 125691002 0.9830322 2.5346679
6415 38485415 0.3743896 0.9561767
7568 45403146 -0.014532 2.0366210
6919 41510758 -1.373291 -1.439208
7780 46677144 -0.598876 -0.991088
24510 147058021 0.1134033 -3.058105
6778 40667394 1.5947265 1.1816406
7856 47134481 1.8249511 2.4414062
20311 121862692 1.7846679 0.9423828
6025 36145682 1.5844726 -2.614746
8357 50137155 0.3023071 -2.199218
834 5001208 -1.895996 1.7995605
6177 37056433 1.8957519 2.4746093
6177 37058023 0.5595703 -0.422363
16939 101633127 -1.819335 -0.753906
3624 21738274 2.046875 2.5903320
2001 12001881 2.3574218 -3.141113
6867 41200779 1.0847168 -1.763671
1331 7981105 -0.960937 -1.201416
1954 11720609 -1.772216 -0.572509
6946 41670269 0.6545410 -1.854248
20354 122119530 0.7684326 -1.137695
3891 23345227 0.0944366 0.3847656
3956 23730882 -0.818115 1.4157714
1363 8176783 -0.090545 -3.065917
4831 28984855 -1.831298 1.7580566
1983 11893276 1.9553222 1.5979003
1603 9612281 -2.367675 -1.145263
16469 98810870 1.7524414 1.0961914
20905 125429016 1.1330566 2.6928710
3621 21725430 1.4257812 -2.130859
5294 31763411 1.2956543 0.6627197
9101 54603782 -0.940551 2.7133789
9994 59958623 -1.564941 -0.677490
9169 55013369 -2.345703 -2.414550
9459 56750803 0.5013427 2.3491210
9729 58370805 0.1741943 1.7705078
9163 54972597 -2.038574 -1.565429
17309 103851982 -0.215240 -2.288085
15883 95297192 0.6112060 -1.313964
22656 135934064 0.2203063 -1.769042
23381 140280028 0.7741699 -1.136474
16930 101576751 0.3929443 -2.456054
264 1582278 -0.620849 2.3334960
289 1732243 -1.355224 -0.743041
652 3906881 1.5844726 1.0292968
786 4715548 0.5540771 2.4785156
16649 99893551 2.4677734 0.5012207
20366 122191899 -1.114501 1.8041992
20091 120541195 1.0122070 0.7177734
24230 145378709 -0.912963 -2.259277
24363 146175724 0.4922485 -2.578613
20958 125744853 -1.804199 -0.228210
2804 16822072 2.0332031 2.3754882
1377 8260810 -1.719482 0.2406311
8709 52251852 0.0050792 -0.360412
20080 120474951 1.7014160 -0.924194
20406 122430021 1.1130371 -2.653320
10330 61979467 -0.532958 2.9301757
3289 19728060 -0.032287 -0.051612
3937 23617726 -0.667968 0.4745483
1791 10740267 -0.520996 -0.286865
1791 10743913 -0.783691 -2.857421
24643 147852280 -0.393737 1.9064941
24720 148316400 1.8994140 -2.945800
1937 11620041 -0.515136 2.9301757
3345 20065471 2.1005859 -1.852539
2098 12585947 0.0557785 -0.666503
2107 12637906 0.1232604 -0.921508
3236 19411765 -0.111419 -2.825195
4428 26562063 -1.312011 -2.794921
20193 121153336 0.2100219 -1.517333
20885 125306361 0.6774902 -1.681640
5145 30867455 -0.905151 -0.264221
12631 75782707 -1.796142 0.3044433
17529 105173606 0.2895507 -3.021972
20041 120243746 -1.669433 2.0932617
20041 120244266 -1.78125 1.7294921
19684 118098132 0.3488159 0.5822753
19695 118164264 1.6928710 -2.735839
19695 118169222 2.0854492 -2.408691
15891 95344779 -2.036132 3.0249023
15952 95706456 0.3598022 0.4885864
19879 119271885 -0.014352 0.8027343
10546 63275809 -2.064941 -2.211425
11794 70763991 -0.111038 -2.519531
26401 158403245 1.3937988 -0.075942
21736 130415272 -0.980102 -0.590332
25719 154309975 -1.327636 2.2260742
25515 153085118 0.7912597 1.1748046
25796 154772366 -0.298339 -0.209655
10779 64672426 -0.278015 -1.726318
11185 67109556 -0.983398 1.7170410
19909 119448359 -1.042724 -0.810302
19383 116292122 -1.979492 1.6367187
19992 119946620 -0.257080 1.0998535
19992 119951196 1.3710937 1.1662597
19775 118649037 -1.302978 -2.780273
19827 118959727 1.2636718 -1.346435
19869 119209763 0.1269531 1.5227050
22382 134287277 -0.074249 -0.315368
21056 126330150 1.9948730 0.6368408
25431 152580278 -0.595214 2.9926757
21379 128273737 1.9196777 2.5527343
21390 128339723 -1.385498 0.7843017
25206 151235610 1.9782714 1.9836425
25578 153466208 2.0771484 2.7338867
21490 128938343 0.1187744 1.4187011
21490 128938883 -0.156433 0.2815551
21523 129133682 2.1254882 -1.924804
25216 151292379 0.2680053 0.4549560
21496 128971795 -0.821655 2.3823242
21371 128224684 -1.640625 -1.322265
21240 127438521 -0.344970 -1.582763
21300 127796412 1.1477050 -2.004882
21300 127797281 1.3554687 1.5415039
21300 127797886 1.2922363 2.4536132
21238 127426099 -1.773437 -0.602172
21245 127465238 -1.055419 -1.456298
25961 155760909 0.8966064 -2.020996
25821 154925687 -1.258300 1.7453613
99 592395 2.2275390 -2.854003
94 561639 2.0908203 2.1806640
2612 15669854 -1.685302 -1.760986
6709 40250915 1.3132324 2.3715820
16993 101957175 -1.763916 -0.353332
1016 6090585 0.4577636 0.7099609
2548 15284000 -0.101882 3.0888671
6159 36950412 1.0031738 0.8316650
16035 96205512 0.4178466 -2.78125
7095 42567093 1.8498535 -2.840332
7685 46104166 -1.776367 1.1765136
18348 110082263 -0.444396 2.1772460
18291 109740707 1.7949218 1.7871093
5662 33971740 -1.689697 -1.060791
18653 111913399 -0.488708 1.4621582
18653 111917705 -2.246582 -1.983642
12197 73180647 0.2184143 2.0991210
12197 73181481 -0.054359 -2.676269
17607 105639979 1.3161621 0.6651611
21006 126031740 -1.346435 2.4003906
21752 130506166 -1.789550 -1.53125
21752 130508754 0.9279785 2.7333984
25343 152053783 -1.674316 0.6947021
21825 130944435 -1.711425 -0.336853
21825 130949545 1.5737304 0.6529541
25547 153280902 1.2097168 -2.022460
21974 131839755 0.3622436 -2.481445
25136 150813386 -0.392822 2.9814453
25238 151426738 1.0114746 -2.289550
25613 153676306 1.8293457 -2.523437
20811 124862309 -1.395507 -1.500244
20587 123516281 -2.178710 2.2617187
16592 99546362 0.8138427 0.2067871
2179 13069962 1.1062011 -1.827636
2095 12564420 1.6813964 -0.279541
2077 12461419 1.6669921 2.1782226
1569 9411266 0.9866943 -0.510620
8507 51036729 0.8391113 -2.358886
16500 98994812 0.4822998 2.9829101
16500 98996850 1.1750488 -0.907348
24024 144138161 -2.059082 1.1745605
3699 22189676 -1.769042 0.8159179
1179 7070019 0.8265380 2.7666015
20187 121116042 -2.298339 0.9903564
23518 141105963 -1.983154 1.5439453
23253 139516194 1.7609863 2.7592773
1809 10853596 2.4897460 -1.197753
16818 100906104 -0.267028 1.8159179
7890 47337514 1.1547851 -0.021911
16364 98181279 0.3766479 0.4044189
1992 11950997 -0.170562 2.4780273
1992 11951934 0.1267700 1.8413085
8842 53046881 0.7713623 2.6215820
8806 52834214 -2.289550 0.2568359
16335 98004668 2.4287109 1.6228027
2145 12868211 -1.040039 -2.517089
9654 57921162 0.0694274 -0.942993
5466 32791666 -0.156158 0.3307495
14748 88482324 1.0646972 -2.716308
12488 74927037 2.0996093 1.9492187
18432 110587306 0.7210693 -2.232910
5674 34043061 -1.932861 1.7788085
12494 74962243 0.1290283 -0.923461
5804 34822270 2.1616210 2.5136718
14073 84433311 -2.493652 -2.796875
9396 56372507 -1.822998 3.0874023
14890 89338272 -1.993652 -1.827880
14466 86792798 -0.530883 0.9830322
14568 87402196 -0.640136 1.1379394
14577 87460048 1.8205566 1.9838867
5380 32277326 -0.615356 -2.797851
14376 86253821 -1.424560 1.0969238
9172 55026429 -1.627685 2.9077148
17716 106291545 -0.978759 3.0058593
17727 106359756 -1.262207 1.8454589
10318 61903067 0.0086612 -1.387695
22963 137777629 1.2963867 0.6190185
13510 81056202 1.4213867 1.9128418
22589 135533184 1.5971679 1.1733398
15560 93356980 0.4431762 2.8149414
15377 92257462 -0.907714 -3.062988
12514 75079489 -0.853027 2.2119140
17622 105726258 0.8138427 -2.470703
13279 79673558 -0.473449 -2.748046
15100 90596153 1.1235351 -1.187988
15809 94849578 -0.772216 0.2989501
19866 119193595 -0.305480 3.0278320
14158 84946196 -1.609375 -1.862548
16583 99493641 1.8757324 -0.927856
7288 43722342 2.1113281 2.6469726
16565 99389376 0.2209472 -2.092773
12135 72808405 1.9802246 0.6462402
12401 74405881 -0.235809 2.9047851
12304 73823976 0.6762695 -0.680786
14283 85693205 2.1923828 -1.037841
14555 87324384 -0.141326 -1.918701
18363 110176106 2.1987304 -0.153503
2510 15058030 1.2443847 2.5991210
4158 24944612 1.2629394 1.1796875
20826 124955798 0.1048278 1.9396972
1404 8422085 0.2255554 -2.28125
6509 39050115 -0.590332 2.9340820
20522 123128703 0.6791992 -2.318847
3752 22510934 0.9786376 -2.459472
1767 10598590 -0.197387 -2.981445
2514 15080462 2.4677734 -2.218261
2572 15426375 -1.670410 -2.303222
8132 48791527 -0.697875 -1.935058
8243 49455142 -1.297119 2.9941406
7111 42660854 1.4389648 -0.843872
10978 65862697 0.8133544 0.0407791
11193 67155771 0.0962219 -1.560302
11982 71886176 -2.070800 1.3405761
10903 65413991 0.2197265 1.1269531
15800 94794886 0.5537109 2.6445312
19897 119378014 0.0389862 3.0957031
15477 92860503 1.9343261 1.2170410
19594 117558193 -1.675292 0.4067993
11734 70400049 -0.696899 1.6159668
11963 71774895 0.0628051 2.3066406
13404 80420905 -0.195495 0.7337646
22279 133673302 -1.576416 0.4628295
13299 79789554 1.2058105 1.7497558
7416 44490974 2.4101562 2.21875
24303 145813022 1.6047363 0.5441894
24308 145843889 -2.198730 -2.299804
3534 21200387 1.0710449 -1.656005
3534 21201189 0.2078857 -2.097656
3989 23932137 -1.411621 2.4624023
3702 22208738 -0.666503 -1.347167
6349 38088630 0.4075927 -0.756835
6761 40560510 0.0126781 3.0971679
6764 40580738 0.2227172 0.1953430
3790 22739729 -0.017726 0.3235473
7202 43206494 -0.425598 -1.056640
5491 32943804 0.9027099 0.5296630
18942 113647111 0.5723876 1.8259277
18987 113920203 -1.302978 1.8344726
7098 42587910 -0.732788 -2.045898
23008 138042202 1.2431640 1.6433105
13762 82569200 -0.001838 2.1479492
26388 158324036 2.1826171 0.4066162
24046 144272668 0.3137207 -1.158935
24080 144474149 0.3690185 1.8850097
11074 66443550 -0.591064 0.6907958
13027 78159481 0.1945495 -0.848266
10855 65127297 -0.633666 2.5283203
13234 79398596 -1.650146 0.3051757
11406 68432515 -0.711791 2.4277343
11926 71554716 1.4150390 -2.797851
19974 119841608 0.6516113 0.2119750
15503 93012368 1.3591308 -1.965332
11513 69075322 1.5903320 1.6054687
11466 68791612 1.2963867 -2.503417
19668 118003843 -1.174316 -1.560302
11033 66194284 1.0231933 -1.683593
13137 78817429 -2.059082 -1.796875
13691 82142028 0.9985351 0.8648681
19356 116130372 -1.937011 -2.096191
19656 117931317 2.2583007 -0.345336
15368 92202279 -1.306396 -0.438842
11223 67333806 -0.266235 -0.622558
22090 132534254 -1.393554 1.0202636
11635 69807290 0.0550308 -1.697265
15422 92529708 -1.294433 1.8972168
11759 70550579 -0.478820 2.0585937
19539 117230203 1.3039550 -2.261718
19539 117231300 -0.770874 -0.999633
13085 78505141 1.2741699 2.6909179
15979 95868517 1.2241210 -1.892578
15763 94577334 -2.057128 0.4311523
13346 80075021 -1.240234 0.6195068
13336 80011467 -0.688354 2.2958984
15790 94739228 -1.833251 -0.166107
12094 72558693 -1.959228 2.3818359
12023 72136278 -1.065673 1.0695800
12250 73496534 -1.811523 2.890625
18970 113818132 0.2136535 -2.708007
14207 85241587 -0.251403 1.9101562
14965 89785996 -0.738647 1.2978515
14263 85577260 2.2836914 -0.346984
14001 84001161 0.9383544 2.3745117
19545 117266255 0.5936279 2.5034179
19549 117289458 -1.646484 3.0776367
19736 118410904 0.3648071 -1.730712
24858 149147574 0.9277343 0.6868896
26159 156952409 1.7053222 -2.444335
24741 148444596 1.2226562 -1.179687
24420 146514381 -0.644897 -1.699951
25624 153739417 -1.656982 -2.711425
21986 131914174 -1.052001 1.4768066
20640 123836307 1.3225097 -1.597656
736 4411935 -0.937622 0.0018537
23221 139324572 -1.631835 1.5688476
3987 23921216 2.0048828 0.6254882
2028 12166635 -1.001220 1.7224121
24488 146922087 -0.482421 -2.749023
24505 147027016 0.3491821 -0.204650
1519 9111536 -1.274658 0.8552246
8920 53519969 -1.862792 2.6376953
20100 120594564 -1.427978 -3.035644
8138 48822162 -0.680419 -2.947265
23923 143534254 1.7514648 -2.733398
4260 25558484 0.1805114 -2.010742
1307 7836341 2.4223632 -2.175292
1401 8403003 0.2636108 -0.095870
1449 8692870 -0.231964 2.8286132
2641 15845121 -0.707397 -2.730468
1532 9186966 -0.212921 -2.005371
1593 9557999 -1.310791 -2.780761
8212 49266556 -0.234649 1.7363281
20556 123333913 -0.774047 0.1806335
16491 98940747 0.0998229 2.3457031
20093 120553516 -0.125305 -1.976562
23279 139669275 0.1267395 2.4125976
6731 40380874 -2.055664 1.1711425
6734 40398467 0.9831542 -2.658691
3588 21525921 0.8226318 -1.923828
23041 138243910 -1.692382 -1.223632
8554 51323465 -1.851318 -2.375976
4119 24712999 -1.237792 1.1247558
23591 141541147 1.1696777 -2.279785
23506 141030066 -0.748779 0.1769714
24996 149971687 1.5949707 0.8668212
12199 73192821 1.6486816 0.4763793
12199 73193118 -1.596923 2.0366210
24335 146009735 0.0224418 -1.387695
24256 145535800 -0.520263 -2.568847
24798 148783646 1.0556640 -2.176269
24053 144312942 -0.911254 -2.354492
7705 46226443 -1.668212 -1.376708
7463 44774123 -1.358398 2.5629882
7463 44775152 0.8201904 2.7109375
7491 44942635 -1.617675 -0.465942
23023 138133746 1.2275390 -2.018554
7778 46667757 -0.561401 1.0317382
24799 148789428 -0.522583 -0.475402
24825 148946290 0.4605102 0.5745849
23255 139529655 0.5830078 1.5737304
26048 156285248 -0.409606 -0.577758
19707 118236885 -0.797241 2.4560546
15185 91109152 -0.058197 -2.791992
15691 94141512 0.3840332 0.0807952
15405 92427752 -0.252075 0.8269042
24907 149440885 -1.144775 1.6931152
20234 121400234 1.6748046 -2.641601
24584 147500286 2.4277343 0.9172363
25421 152524598 -1.783447 -1.419189
25246 151475676 -1.608398 2.2539062
87 519702 0.6993408 -2.644042
6998 41985028 0.6622314 2.7568359
16340 98039145 -0.505859 -0.923095
23997 143976309 2.1064453 -2.776367
23997 143977194 0.7222900 2.4184570
23175 139047103 -0.373046 0.4315185
24575 147446992 0.2935180 -0.845947
23604 141618526 -1.321289 -0.413635
16076 96450009 1.8691406 1.5014648
16076 96450920 2.2861328 0.3542480
660 3959416 -0.438232 -0.997558
20610 123654155 -1.755859 1.6013183
20610 123657320 -1.254394 2.9755859
385 2306797 -2.071777 -0.588623
3142 18850784 -1.198486 -0.586425
3525 21146380 0.7416992 0.9174804
4964 29780786 0.7340087 -2.270996
7903 47412066 0.0111923 -1.601806
7278 43663693 0.9995117 1.0512695
7645 45868473 -0.150054 1.1765136
7256 43533004 -1.369140 2.9072265
7773 46635872 -0.376098 2.7587890
849 5092593 -0.338317 -2.409667
5257 31541772 0.2832641 -1.870117
861 5162195 0.0268363 2.3198242
1255 7529478 -1.602539 -1.806640
2081 12480483 -0.063690 1.0097656
16943 101656699 0.2698364 -3.090820
1045 6268487 -2.415527 -2.109375
1490 8934571 0.1475830 2.3554687
6357 38141556 0.3745727 -3.002441
3919 23512432 -0.287780 1.9716796
1633 9793841 0.6850585 2.9277343
1633 9795028 -0.127319 1.109375
2883 17292987 -1.256103 0.7075195
1341 8041422 -0.987426 -2.923339
3539 21228352 0.2172241 -1.547607
3959 23749990 -0.844726 2.2846679
7038 42225591 0.2428894 1.6638183
1259 7551536 -1.162109 1.2341308
3162 18966079 -2.020507 2.5424804
6030 36174052 -1.075927 -2.350585
6030 36175131 1.0004882 -2.686035
16467 98800886 2.1655273 2.7871093
16608 99646482 0.2389831 2.0556640
8364 50178405 1.6616210 2.0551757
8187 49117158 -2.481933 -1.179199
4824 28942545 0.7889404 1.6960449
4935 29606493 -1.890625 -0.764038
6728 40365669 1.3134765 2.8666992
3042 18251454 -0.053192 -3.104492
3144 18863409 -2.212402 0.1510925
8419 50509166 0.5197753 1.8684082
4858 29144794 -0.414611 -1.428710
6536 39212012 0.8859863 2.5600585
24455 146727778 -1.638671 0.7766113
1817 10899755 -1.388916 -1.654785
1771 10621341 -0.125610 0.5026855
3053 18317967 2.2695312 -1.030761
1807 10841459 -1.305908 0.5001220
1871 11223228 -0.518920 0.6506347
1944 11663639 2.125 -1.290039
2214 13280048 1.2834472 -0.576538
2251 13502632 -0.459716 -2.342773
3133 18796001 1.3171386 0.9201660
16021 96122603 2.4663085 -2.014160
7189 43130333 0.1532287 -2.007812
20532 123188975 0.0124034 1.4084472
8706 52233890 0.2041320 -2.118652
16979 101873952 -2.196777 1.4389648
4730 28376417 -1.660400 -2.093261
4957 29737214 -2.402343 -2.466308
6986 41912770 -1.161376 0.1848449
3479 20869617 -1.584716 2.0556640
8 42594 1.2080078 2.9980468
47 281574 -0.121261 -2.229980
78 462003 1.0070800 -1.392333
20874 125243570 1.6169433 -0.943237
8744 52461805 1.0205078 -1.689453
1408 8446796 -0.157226 2.4467773
6487 38921099 -0.427185 -0.768920
721 4323681 1.8500976 -2.270507
23194 139159369 -2.205566 -2.798828
1294 7761313 1.1191406 -1.729736
1199 7189877 -1.001464 1.6372070
6915 41484783 -2.053222 1.2565918
6931 41581135 -2.211914 2.4428710
6244 37458370 0.3232421 -1.750488
7140 42836192 -0.598876 2.5327148
7500 44999973 1.0217285 2.3466796
2891 17342591 0.4536132 -2.335449
7636 45811876 0.2994995 -2.956054
2714 16280115 -0.278015 -0.388732
3118 18702078 1.2570800 1.4426269
6298 37786551 -1.003173 -2.446777
8372 50231377 -0.053871 -1.743652
3775 22646801 0.2579345 -0.988525
3990 23934570 2.0473632 -1.144531
8388 50322807 -0.901489 2.6352539
4615 27688984 -1.605224 -0.065353
12387 74320188 -0.547363 -0.938354
18623 111737153 0.2666015 1.2412109
12119 72713180 1.4165039 0.1402282
18777 112661855 1.3369140 2.0742187
14919 89513962 2.4599609 2.4160156
15096 90570519 -1.306152 -0.414489
13690 82139304 2.3173828 -2.200195
15341 92042520 -0.173248 -3.025878
13087 78518272 0.7298583 -1.349853
15770 94617425 -1.347167 1.0664062
19254 115522753 0.5919189 0.4794921
24241 145442533 0.7261962 -2.626953
25049 150292861 -0.639648 1.2270507
21715 130285075 0.4376831 -1.831298
342 2049873 -1.106689 2.7016601
2307 13836207 -2.298828 -0.928710
13096 78572592 0.8060302 2.1655273
15390 92336988 2.3925781 0.5272216
5605 33625345 -0.514038 -3.097167
5824 34939961 0.7086181 0.3892822
9815 58887465 -1.628662 -0.343261
5573 33437102 0.3629760 2.1650390
18599 111590463 0.2088012 -2.918945
17204 103220136 -1.643798 -3.079589
12232 73388622 0.4512329 -2.713378
18836 113010525 -0.701416 -3.078125
14959 89750966 2.3984375 -0.288757
18318 109906451 -0.390808 2.8369140
10248 61486418 1.2607421 2.5800781
10872 65231373 1.5603027 0.6086425
10268 61607573 2.2958984 1.6308593
19835 119008206 0.3519287 -2.720703
19418 116505549 0.9880371 -2.542480
15966 95795535 0.1948547 1.2504882
13637 81817979 -2.254882 1.3937988
11043 66255602 -1.020263 2.9091796
19111 114661315 1.1467285 -3.016601
26294 157763138 -0.573364 -0.242309
26295 157768920 -1.166259 -2.319824
10875 65246511 -0.444335 2.1723632
13660 81957240 -0.574462 -2.136230
15348 92087957 -0.213287 0.9023437
10899 65392098 0.8300781 0.3443603
15701 94204456 1.4169921 -1.162353
12719 76313422 0.7263183 -0.901245
14876 89253060 -0.150665 -2.689941
14397 86380343 -1.624511 2.2573242
13836 83013738 -1.391357 0.8817138
13723 82336310 -2.093261 2.5961914
22995 137967295 -1.662353 -2.814453
9640 57837870 0.7519531 -1.291748
8301 49801099 1.3776855 1.6760253
21412 128466648 0.9162597 2.7294921
6130 36776218 1.3771972 3.0786132
4286 25715690 -0.055183 3.0673828
6095 36567368 0.8270263 -2.632812
18248 109482490 -1.366210 1.6662597
26504 159018393 -0.083282 0.0669708
20597 123577253 0.4241333 2.9907226
20694 124161836 1.2714843 -2.833496
20694 124163671 -0.045776 2.8574218
24865 149189904 -1.400146 -0.791992
8678 52067137 0.4356079 1.6198730
7991 47942208 0.2736206 0.9470214
24877 149259955 -2.431152 1.1425781
24542 147246416 -0.856933 1.4277343
20695 124167781 0.2974853 -0.606445
24802 148810912 0.3497924 -3.094238
26129 156770404 -0.187652 2.0708007
8859 53149091 0.3288574 1.8112793
24054 144321757 0.0155181 -2.000976
24947 149678502 -0.744384 -1.663574
7702 46211759 0.3703613 -2.886230
7713 46276294 0.7089843 1.7175293
24178 145065933 0.5446777 2.4746093
24367 146196683 -1.314697 1.8186035
24548 147285634 0.9173583 0.8842773
26160 156957571 -1.733398 2.5986328
24184 145101969 0.8902587 -2.490234
23851 143104189 1.9707031 0.7772216
20132 120791792 0.5388183 -1.212158
20325 121949370 0.1145782 1.4545898
21921 131523163 0.4898681 1.2023925
26582 159491472 -1.337646 0.9788818
24020 144115883 -1.219726 -2.365234
26640 159838359 -0.960693 0.0558700
23484 140899141 0.4954223 -0.014379
20309 121852261 2.4848632 -1.708984
4801 28801646 -1.315185 -1.273681
2199 13190342 -1.919189 0.3684082
20760 124555011 0.8255615 1.3276367
4979 29872499 -1.933349 0.4074707
6045 36266541 2.1518554 0.6855468
16171 97024265 -0.682861 2.3051757
16182 97086916 -2.071289 1.0947265
23681 142083771 1.8000488 0.6324462
3453 20717612 1.9118652 2.3022460
2543 15256739 -0.241180 -2.568847
20531 123180666 -0.059288 0.1033020
20895 125364763 -1.333251 -1.375976
3016 18090748 1.2724609 -1.329833
3137 18816933 -0.159576 1.0554199
16405 98427825 -1.768554 -2.529785
6621 39721031 -0.115859 2.8793945
16023 96134916 1.8740234 -1.389892
4057 24337022 -0.137084 1.4931640
6332 37986093 1.3220214 -2.015136
9223 55334038 -1.708251 -0.960693
5443 32655477 1.0263671 -0.119583
17490 104937846 -1.600830 2.7304687
12114 72682902 -1.067382 0.6647949
12194 73162719 -2.360839 0.5706787
5740 34435390 -0.190093 0.6594238
5970 35816185 -0.453857 -0.060897
12188 73127743 0.5164794 2.6518554
9675 58048232 2.0458984 1.7680664
12230 73378860 0.6623535 -0.658691
12964 77783601 -0.546386 -2.577636
5842 35051103 -0.411193 1.2507324
12347 74081804 1.9384765 -1.811035
14547 87277398 1.3752441 -1.200927
5877 35257547 0.1553649 -0.922729
14789 88731615 -1.578369 -1.773681
14920 89514217 0.7679443 -2.240722
13623 81736245 1.8950195 0.1715087
10620 63717077 0.4884643 -1.844726
10168 61006364 0.9495849 0.4909057
13337 80016513 -0.135131 -1.589111
13226 79352686 -1.720458 3.0830078
22690 136134729 0.1368713 1.1706543
11140 66835955 2.4570312 0.6181640
628 3764409 -1.793457 1.7866210
16785 100709716 0.2978515 1.6044921
4269 25612445 0.5467529 1.2998046
20929 125572690 -1.361083 1.5346679
17780 106675900 0.5059814 -3.141113
12996 77970505 2.1313476 -0.853637
19737 118418312 0.9086914 -1.681396
10285 61706425 1.4230957 -1.102783
10293 61752942 1.9626464 -2.611816
10355 62129460 -0.995239 -0.151947
10183 61094371 0.2868041 1.7407226
10734 64400531 -0.483642 -1.607666
10870 65214811 -0.270446 -1.208496
10927 65558959 0.2772216 0.4041137
10900 65394097 1.0422363 -1.911865
13972 83831794 -0.755615 1.0539550
26047 156276327 1.9648437 0.5257568
13201 79200386 0.8145751 1.2416992
19046 114270968 -1.719238 0.1022033
15668 94003305 2.2255859 -1.185791
15157 90937800 -1.692871 1.3261718
13981 83880875 -2.159667 -0.090301
13366 80191092 -0.720214 -2.094238
13471 80823379 -1.669433 2.8964843
13599 81588180 1.2937011 1.6472168
13188 79122792 0.6477050 2.3227539
21102 126606402 -1.806152 1.2497558
21194 127160200 0.7430419 -3.029785
25730 154378676 -0.140075 1.2019043
2261 13561206 2.3027343 -2.712402
24724 148343786 0.2485961 0.8690185
1208 7242339 1.5883789 -0.159301
6959 41750641 1.1230468 -2.342285
26182 157089157 0.2190551 -0.306579
3460 20758901 0.8641357 2.234375
7240 43435898 -0.409423 1.7617187
199 1191731 -0.200805 -1.302246
909 5451412 1.6696777 -2.458007
823 4937204 1.9091796 2.4707031
2525 15149980 0.1831359 -1.975830
962 5769661 -1.406005 -0.401916
4104 24620901 -0.105346 2.8559570
26228 157367137 -0.455566 1.7614746
26091 156544328 1.0131835 1.4616699
22346 134074154 0.5863037 -2.859863
2736 16415088 -1.732177 -0.332702
17601 105600824 1.3425293 1.0910644
17358 104144867 2.3076171 -2.710449
17542 105251386 -1.955078 -3.093261
4220 25315983 -0.166473 2.3139648
4220 25319464 1.9628906 -1.807617
19156 114935181 0.7303466 1.5153808
24470 146817973 -1.797851 0.4859619
4613 27673639 -0.819702 2.4555664
13922 83529951 0.8121337 -3.041503
3325 19945624 -1.956787 2.3642578
2748 16485353 0.5047607 -3.100585
2748 16486900 2.4667968 2.1367187
8214 49279504 0.1213989 -1.122314
8665 51984559 1.2622070 -1.014648
6969 41812527 -2.047363 1.0200195
1704 10221845 -0.070739 1.2670898
3432 20590396 -0.434753 -0.147888
20084 120503050 1.0605468 -1.646972
16837 101021343 1.2983398 2.5864257
4914 29481605 -0.648925 3.1191406
16419 98509202 0.9056396 -0.194671
8644 51861632 -2.459472 0.5568847
20723 124335339 -0.425415 -0.132476
20303 121817674 -2.001464 2.8627929
8172 49028974 0.6352539 0.7005615
20647 123879139 -1.099853 1.0686035
16075 96446131 0.8704833 1.1372070
6652 39906032 -0.650024 0.6407470
6766 40593946 -1.690917 -2.256347
6888 41324758 0.8768310 2.3022460
3981 23885711 1.3713378 -2.123535
4862 29168988 1.0437011 2.5117187
6037 36217622 0.7840576 -2.238281
17927 107560102 0.2284851 1.7443847
18900 113395627 -0.237487 -0.331481
14808 88847292 1.3559570 0.0154743
12703 76213667 -0.124938 2.7934570
14973 89835042 0.0450286 -2.395996
18700 112195019 -2.166992 2.4033203
18700 112199422 -2.000976 -0.187377
17466 104790016 1.6701660 -0.251403
18222 109328696 -0.149902 2.4790039
15463 92772339 -0.402893 0.7178955
18530 111174619 0.7789306 2.6962890
22009 132052776 -0.746948 0.2640991
12095 72565843 -0.784179 -0.321594
12095 72566979 0.8017578 2.9868164
20557 123338781 -1.650146 -1.256591
17051 102303227 -1.215332 2.9682617
17891 107341298 1.6623535 1.6640625
15007 90036760 0.6994628 -0.676025
19167 115000002 1.8847656 1.5830078
17324 103942197 -1.184570 -1.858398
9414 56483023 0.3139038 -1.303222
9565 57388721 2.2548828 -1.853759
10743 64452482 -1.975585 -1.019775
15685 94108977 1.0869140 0.4911499
21739 130432079 -0.833862 -3.059082
21538 129223243 -0.653808 -2.508300
25002 150007681 1.5698242 2.8461914
2295 13768487 2.3388671 0.6619873
20471 122823353 -1.849365 -1.775390
8361 50165790 0.3548583 -2.575195
20981 125884192 -0.213439 1.7680664
16931 101585272 0.2724609 1.4760742
20097 120576440 0.4385986 1.6506347
23668 142006124 -2.357910 -1.268554
6290 37736825 1.8459472 0.9599609
4576 27454454 -0.212707 3.1054687
4502 27007957 -1.052001 1.9497070
4502 27008671 1.8842773 0.7081298
16458 98742938 0.3410034 -2.380859
20687 124117332 0.453125 2.2602539
20418 122504176 1.9089355 -0.911499
8544 51260938 -1.350830 -1.609130
20794 124759980 0.1509094 2.2675781
8625 51749000 -0.816894 -2.861816
8606 51634460 -1.848144 3.0961914
3964 23780734 -0.200256 1.5205078
3985 23904243 0.0600662 2.8002929
11852 71108378 2.0620117 2.9780273
13219 79310796 1.5864257 0.8992919
11956 71733825 -0.622802 -2.323242
13197 79181658 -1.029052 -3.060546
10259 61549456 1.2966308 2.1997070
10259 61553457 -1.360107 0.8875732
10462 62770165 -1.931640 0.3693847
22490 134934736 0.7954101 2.34375
22263 133576449 -1.272460 1.1035156
11268 67604678 0.4756469 0.0166244
15684 94103655 0.9370117 -0.666625
22107 132639031 1.3269043 -2.939453
22107 132641465 0.3649291 -0.607666
11851 71101730 1.1181640 2.7104492
11851 71105969 0.0340499 -0.318481
11473 68835418 -0.285095 0.3694458
13426 80552248 -2.479492 -1.910644
13426 80553190 -1.322753 -0.263122
13153 78912789 -1.883789 -0.847412
13015 78087582 0.7283935 2.2016601
15815 94884091 -2.031738 0.7073974
14541 87240753 1.6791992 -1.979248
3059 18351836 -0.095230 1.4348144
646 3875887 -0.124633 0.3481445
4761 28560543 1.8706054 -1.676513
6301 37803453 -0.214019 1.3955078
2241 13441688 2.2465820 -1.752685
23244 139463167 0.3341674 -1.532470
8239 49433686 -0.846801 0.1074066
2029 12173403 0.9307861 2.4594726
985 5909230 1.9877929 -0.542114
23402 140406468 0.9720458 -2.463378
16765 100588734 1.8115234 1.1828613
24353 146112053 -1.600097 -1.861572
18005 108028410 -2.048828 -1.236816
17494 104961377 -0.264709 -0.622436
14880 89275834 2.1997070 -2.705078
12468 74806421 -0.162078 -0.010597
18378 110264205 -0.941162 -2.014160
14133 84794736 0.0769348 1.7358398
10090 60534677 -0.166076 -1.980224
10210 61254107 1.5644531 1.9763183
11244 67460003 0.6990966 -2.635742
11244 67460299 1.1701660 -1.646972
13940 83638804 -1.84375 3.0878906
26564 159380964 -2.205566 -0.919311
11634 69800378 1.6005859 0.7658691
22049 132291848 1.2102050 0.4450683
26647 159878471 1.3686523 -2.021972
15448 92684733 0.6383056 -0.538818
10943 65655885 2.1479492 -1.160888
13927 83557495 0.5723876 -0.135406
15692 94148790 -1.802246 1.8164062
22806 136835018 -0.903808 -2.723632
25952 155709250 -0.120178 1.1757812
21284 127698032 -0.229644 -1.815429
25900 155396713 -1.259277 2.6669921
25765 154586792 0.7639160 -3.133300
21105 126624623 1.6440429 2.2314453
25840 155038749 -0.667968 -2.134765
25846 155075692 -0.970947 2.5361328
25633 153795493 0.4210815 -2.967285
25524 153139923 -1.556640 2.6630859
21294 127758635 0.3975219 0.4201049
21665 129986402 -2.103027 -0.843261
426 2550018 1.9968261 -2.402343
449 2691578 1.4326171 -1.549316
317 1896814 -1.405517 2.8481445
24746 148472993 -1.841064 -1.775634
20209 121252675 1.6027832 -2.791015
3392 20351183 -0.641967 -0.746826
2075 12447942 -2.419921 -2.425781
1222 7331904 -0.210540 -0.955200
1379 8270975 0.3424682 -1.156005
6618 39707957 -0.199920 0.8393554
1075 6447951 1.1057128 -1.823730
16787 100718762 -0.410034 -2.192871
7106 42632731 1.1159668 -1.310302
7106 42635128 -0.074493 -2.583984
16972 101829626 1.0104980 2.7475585
1318 7905784 1.0061035 -2.687988
2243 13457542 -0.473815 -1.424804
20390 122339963 -1.753662 -0.032707
1682 10086215 -0.473632 -1.590576
3533 21193198 0.7044677 2.3051757
6373 38237217 1.2941894 1.8002929
6584 39503307 1.1281738 -1.829589
2474 14841074 -2.178710 2.6396484
3485 20905316 -0.903320 2.8320312
8715 52286165 -0.293884 -2.813964
20163 120977980 0.9045410 0.6309814
16389 98330095 1.171875 2.6445312
17933 107597543 1.4147949 -0.717163
9550 57296603 0.7030029 2.1611328
9886 59314391 1.2866210 2.2827148
9007 54040172 -2.073730 -0.591552
9045 54265977 -0.185119 0.0768127
18975 113847152 1.5832519 0.6063232
13052 78309910 1.6508789 1.0158691
22142 132849059 0.4796142 -2.491210
10324 61942689 2.0454101 -1.563964
22123 132733055 -0.677001 -1.235595
11037 66216778 1.1108398 3.0507812
12479 74871429 1.6396484 -0.800537
14970 89815557 -1.120361 2.5366210
25310 151855996 0.4494628 -2.124511
15510 93057156 1.0166015 -0.111938
5483 32893843 2.1660156 3.0361328
9537 57219908 0.8964843 0.2355651
9537 57221757 -0.454162 1.2915039
12389 74331625 1.2033691 -1.275146
18098 108586677 -0.149719 -0.478637
14010 84054660 1.5834960 -2.201171
18856 113135476 0.0520477 -2.181640
9055 54328092 -0.116088 2.0253906
10117 60696146 1.1079101 2.5112304
13962 83766999 -0.695556 1.6123046
15836 95014812 1.5808105 -1.137939
19067 114399795 -2.135253 -2.230468
19829 118970645 -0.522827 2.2905273
22318 133906210 2.3808593 -2.434082
10359 62150363 1.9997558 1.3889160
19868 119205854 0.2736206 0.1786499
13869 83209390 -0.941284 1.8547363
13799 82793324 0.5335693 -2.424316
15610 93658971 1.3408203 -0.230957
13763 82574290 -0.649291 1.2236328
19077 114456153 0.3765258 0.5772705
19209 115249534 -0.378906 0.4934082
21370 128217184 0.4838867 -0.780517
21973 131832100 -2.426757 1.7858886
21656 129935449 -0.654907 0.3217773
18035 108206526 2.2338867 -1.473144
2617 15696722 -2.445800 -0.742309
2517 15099054 0.2056884 2.8334960
19396 116375155 0.8402099 0.5711669
13802 82811191 -1.264648 1.3669433
9649 57893281 -0.854003 -2.683593
9267 55601733 0.8194580 0.6000976
5561 33360172 -0.851684 1.3557128
5265 31585511 -1.054687 -2.989257
7749 46493193 0.6784667 -3.023437
7764 46578969 1.8879394 -0.239471
7764 46582445 0.6573486 -1.416259
17587 105519579 0.0720825 2.8793945
9627 57759992 -1.071289 1.9514160
9657 57940677 0.8480224 -0.954711
9146 54875958 0.0168724 -0.329162
9669 58013748 0.3327026 -0.606323
12486 74913225 -0.614135 -1.020019
12452 74710422 0.6745605 0.6868896
22031 132185291 1.8081054 -1.941894
10642 63850062 -0.748657 -2.155761
10308 61846059 0.3435058 3.0957031
19627 117756490 -0.679565 -0.224243
11357 68140670 -0.080123 -0.652343
15116 90692337 -0.283569 -0.773193
19642 117849590 1.0075683 -0.973754
15865 95189537 -0.748046 -0.287170
15866 95195981 -1.691162 3.1083984
21222 127326449 -0.181549 2.3398437
21368 128204862 0.5744628 -1.535888
21603 129612823 -1.106201 1.7307128
21384 128298396 1.7001953 2.7255859
21377 128256606 -0.177093 -2.939453
25897 155377004 0.4976806 -1.462402
25737 154420796 0.5159912 2.1025390
21953 131712216 -1.960693 -1.030029
25465 152786142 -0.990234 -1.881103
21770 130617882 -1.586669 -3.136718
25277 151660471 -1.741943 2.1230468
25084 150499236 -0.027446 0.1878967
25251 151505347 0.0165939 0.2185974
25704 154223213 0.9910888 1.9130859
658 3945204 0.7747802 -2.061035
12783 76695662 -0.053802 -1.312011
12281 73682779 0.8343505 0.5640869
2502 15010631 -0.220642 2.9838867
25289 151728268 -0.480773 2.1196289
12875 77246397 0.5681152 -2.503417
5411 32465476 0.7895507 -2.627441
9207 55236830 -0.411682 1.8679199
17547 105276949 -1.053222 1.8964843
5582 33488464 0.1436157 -0.755981
12447 74676073 -0.110412 -2.230957
14699 88190793 -1.318115 3.0014648
14686 88111766 0.7897949 1.6960449
9912 59470509 -1.351806 -1.373535
17548 105284693 1.0676269 2.0551757
14374 86242236 1.0148925 -2.107421
17691 106140830 -0.135742 0.1549072
17721 106321901 1.8276367 2.6010742
12422 74530377 -1.064208 1.6513671
14702 88211264 -0.686279 2.2778320
17145 102865453 0.1410827 0.4260864
14266 85594101 0.3110961 -2.754394
9923 59533142 -1.911621 2.9414062
18166 108994149 0.1839599 -1.652343
12431 74583822 -0.730346 2.4052734
12443 74657910 1.0837402 -1.016601
10087 60516936 0.7490234 1.3007812
19092 114546962 -0.155670 -2.143066
19384 116299343 2.0244140 -2.875
10171 61021138 -1.703369 -2.777832
10616 63692380 -0.173522 -0.004652
19834 119001874 2.1806640 -0.130645
22508 135046069 0.2965087 1.0576171
15501 93000281 1.6533203 -1.487792
19831 118980048 -0.376342 -0.315673
19831 118985786 -2.134765 0.6345214
13095 78564102 -2.099609 2.4443359
13100 78597721 0.8508300 0.8829345
13319 79910418 0.9675292 2.0078125
22111 132660920 -0.732666 0.9718017
14018 84107379 0.0672760 2.0874023
17556 105335288 2.4887695 0.9512939
14441 86644976 0.7474365 0.9294433
14693 88154958 0.59375 -2.598144
12942 77646668 2.1933593 -2.452148
14612 87671566 -0.621826 1.3591308
12961 77762433 1.7751464 2.9604492
17561 105361981 1.5959472 -1.039062
17907 107438708 0.6717529 0.1619873
18549 111289469 0.9693603 2.0786132
15343 92056305 0.2327880 -0.848266
19812 118868903 -0.852050 3.0249023
19955 119728020 -2.007812 -3.075683
22531 135185164 -0.898193 2.7636718
22402 134410533 1.3786621 -0.783691
22862 137169483 0.3143920 -0.244262
15304 91821147 2.0307617 0.8308105
22103 132612905 -0.104385 2.1586914
22337 134019098 -0.171844 -0.609863
22449 134693814 0.7044677 -2.862304
22030 132179811 1.4011230 -0.124771
21940 131635832 -2.132812 -2.304199
25859 155151875 1.5864257 -2.675292
25158 150942004 0.8337402 2.8774414
25379 152268501 -0.053070 0.6547851
21643 129852799 0.1076965 2.3164062
21643 129857192 0.0163192 -0.836425
15227 91360761 -0.422607 -1.297851
21301 127800576 0.0547790 -0.857055
25667 154001948 0.7056884 1.4077148
21755 130526020 0.0885162 3.0996093
21396 128373115 1.0852050 -2.971191
21395 128367296 -1.599121 -1.090087
3936 23612314 -1.558837 -0.381530
16566 99390274 -0.750244 -2.852050
16566 99390565 1.3903808 -3.119628
16566 99395203 0.2717285 -1.359863
4030 24174450 1.1484375 2.6459960
2291 13744977 0.9173583 -1.249511
2451 14701767 -0.049423 2.8125
5036 30210485 0.3612670 0.9445800
5037 30216419 -0.186218 -1.317382
5418 32504894 -0.043083 -2.015625
5438 32627302 -2.148925 0.4851074
5129 30772460 -2.327148 -1.220214
14087 84516474 -1.745117 -1.731689
5339 32032955 1.1965332 -2.124511
5439 32632395 -0.865356 0.2720947
5440 32638139 -0.770385 2.8134765
5356 32135895 -1.118896 -0.357360
17386 104311188 -0.339660 3.0278320
18364 110183526 -0.654296 2.2216796
17421 104520211 0.8308105 0.5920410
14539 87233506 0.0878906 2.5424804
17426 104555092 -0.461242 2.5434570
12391 74344431 1.7878418 -2.306640
12789 76732660 -1.432373 -1.881347
12925 77547369 -0.276306 -2.692871
14905 89424004 -1.932373 3.0043945
5368 32203777 1.3225097 2.5527343
14586 87513700 -0.981567 2.6733398
14160 84955945 -0.820190 -2.149414
5611 33661278 -1.889404 -1.669433
14055 84326446 0.0276718 -2.410644
14784 88703415 -0.747192 -1.877441
5486 32912719 -1.663574 0.0787506
12083 72497135 -0.086456 1.2248535
17317 103900907 0.4916992 -2.138183
12591 75545094 -1.405517 0.7578125
18219 109313288 1.7392578 -0.263244
18672 112029800 0.7636718 -0.259094
20349 122092343 -0.562011 1.2048339
10419 62509159 -0.276977 -2.077148
10507 63040880 -0.376525 -2.273925
11088 66527753 -1.652099 2.4716796
19298 115785973 2.3012695 -2.700195
21034 126203422 0.6667480 1.4729003
25368 152204102 2.1538085 -3.033691
21800 130796396 1.6906738 2.7539062
25125 150749628 2.4580078 -1.700683
3988 23925021 2.0024414 0.5777587
5134 30798418 2.4882812 0.9532470
5383 32292614 -2.304687 0.8386230
1878 11267029 -0.485351 2.6713867
12430 74575255 -0.450073 1.4748535
5811 34860377 0.4679565 -2.708007
12082 72487345 -1.416259 -1.265380
9350 56095606 0.9791259 -2.797851
9632 57791415 0.4458618 1.1621093
23621 141722564 1.6252441 0.0841369
5121 30720535 -0.279296 0.9161376
5889 35331068 0.2577514 0.7322998
9504 57018141 1.6779785 0.3593139
5433 32594408 -0.528076 -1.324951
12039 72233374 1.6621093 -0.484252
5412 32466751 0.4539794 -1.833740
14738 88426375 -0.727539 1.7465820
5475 32849825 -0.922363 -2.978515
18730 112378719 0.6143798 2.5024414
18684 112101290 -1.035644 2.0576171
16571 99421035 -0.575561 2.5698242
6498 38983478 -0.005032 2.8549804
23747 142477630 -0.879516 2.2148437
17078 102467325 0.3050537 2.2788085
20589 123528299 0.6646728 0.4727172
20589 123532742 -0.439758 0.6479492
8890 53339053 0.7712402 2.8310546
8838 53025740 1.8439941 -0.833496
19878 119267439 0.2471313 -0.941284
20424 122542796 -0.027854 -2.598632
10145 60868725 1.6633300 1.9904785
13031 78182653 0.9584960 2.3876953
10611 63663224 2.4003906 0.5828857
25820 154917419 1.2351074 1.1704101
21085 126507475 1.2741699 -2.020507
21551 129304901 1.4282226 1.0329589
21672 130030309 -2.401367 0.7669677
21182 127091171 -0.992797 0.4203491
21254 127523169 0.0391159 -1.489257
25858 155146617 0.4086303 -0.479064
25729 154370526 -0.168670 -2.798339
21939 131631343 -1.605468 1.8171386
21985 131904732 -0.652709 -1.409179
21927 131560384 1.2631835 1.9514160
25106 150631119 1.6135253 0.8720703
2485 14907692 -1.811767 -1.698242
3312 19868475 0.5345458 -3.130859
9123 54733381 -1.975830 1.4365234
9552 57307823 -0.718383 1.6088867
5211 31265588 -2.479980 -1.506591
5657 33936316 0.6883544 2.6816406
5322 31929479 -0.202972 -1.966796
14182 85089235 0.8620605 -0.619628
17126 102755269 -2.192382 -0.058616
18267 109597664 1.9423828 -2.611816
5308 31845857 2.0102539 -2.818847
12204 73222889 0.0765991 -2.599121
17434 104603895 0.4290161 2.9526367
17446 104673590 -0.407348 -1.534912
18625 111746143 -1.770019 -0.296386
18961 113764066 0.3439331 1.1704101
5745 34464834 -0.543457 1.2541503
17395 104365040 0.3460083 -2.941894
5887 35318733 -0.110443 0.4458007
9193 55154932 -1.742187 -2.570800
9193 55157088 -0.691284 -1.749755
9511 57064854 -0.115722 -0.669677
18792 112746148 1.6606445 -2.595214
9711 58261119 0.6491699 1.3071289
9288 55725103 1.5966796 0.9854736
17320 103917965 -0.285217 2.5693359
17598 105582234 0.0724334 -3.062988
9389 56330125 0.6950683 1.4199218
17791 106744928 -0.911865 -2.722656
18832 112987764 2.0385742 0.3857421
17311 103863323 -1.701171 -2.341796
9656 57931863 -0.191436 0.6586914
9838 59027298 -0.757080 1.5878906
10064 60381099 1.5700683 0.3553466
13966 83790593 -0.319763 1.0148925
15142 90851334 1.7946777 -1.404052
15548 93286650 0.4525756 0.0908508
11313 67875436 -1.671142 2.1210937
15455 92728889 -1.761230 -0.173736
10450 62696954 1.7573242 1.9335937
10633 63797137 -1.439697 1.484375
12004 72021060 0.1122894 2.8398437
17423 104536249 1.7705078 1.6450195
17502 105008811 0.6937255 -0.036079
18042 108248648 -2.414550 1.9003906
14111 84665009 -0.990478 -3.033203
26639 159831233 -1.402099 2.6577148
19329 115969511 -2.024414 1.3681640
22301 133801821 1.4294433 -1.515625
21645 129867487 -1.642822 -1.037597
21650 129897160 -0.599853 1.3657226
21537 129217986 -1.784912 2.6313476
21465 128789670 0.4131469 -1.789550
21382 128288249 -0.588378 1.3623046
8633 51795833 0.8714599 -1.675537
2034 12203548 -0.158294 -3.022460
4210 25259834 -0.310302 -0.511474
8069 48412554 -0.156860 2.9721679
4643 27854491 0.4915771 2.6762695
8526 51150404 1.8803710 1.7565918
1849 11089883 -1.009521 -1.514648
20034 120202044 0.8249511 0.2109680
8211 49265967 -0.826293 1.2536621
1998 11987316 0.6397705 -2.092285
4410 26458066 -0.294433 -2.159179
20287 121720890 -1.407714 1.4858398
6222 37329743 0.9737548 -2.111816
8730 52378490 -1.928466 -0.635498
3369 20208592 -0.860595 -0.859619
20079 120471075 1.1354980 1.7580566
23886 143312289 -1.357910 0.5618896
11626 69750274 -0.369018 -0.320373
11120 66719309 0.3318481 -0.987792
23055 138324611 0.5773925 -0.925781
18075 108449609 0.1580810 -2.042480
12605 75628071 1.4289550 0.5631103
5409 32451051 -2.453613 2.7690429
9108 54645575 0.1830444 1.4841308
7924 47540991 1.6166992 -2.618164
20161 120961723 0.3096923 -1.254638
17374 104240752 -0.791259 0.8041992
11209 67248369 1.6396484 2.1787109
22034 132202548 1.3586425 -0.337280
10128 60764017 0.1017456 -3.062988
19142 114846348 1.2966308 0.6151123
13697 82178233 -0.193237 2.3671875
11480 68878296 -1.300537 1.8164062
14909 89448926 0.8594970 -0.298217
15056 90333761 1.3562011 1.3862304
20667 124001159 0.0453720 0.6497802
4641 27841294 -1.824951 -0.190429
6381 38283586 -1.226318 -2.724121
24937 149619777 0.4147338 -0.750610
8634 51800008 0.7028808 2.9990234
8634 51800618 0.7580566 -2.389160
4614 27679102 -1.741699 0.6217041
16304 97818999 0.1832275 2.6513671
20517 123096075 1.8774414 2.8305664
23499 140992110 -1.991699 1.8164062
8269 49608510 0.1661071 2.7255859
23485 140907741 1.2006835 -2.120605
8860 53155090 -0.596923 -0.495300
7753 46516443 -0.685546 2.4604492
6750 40496049 0.4511108 2.1762695
6972 41828643 0.0065488 2.0380859
8829 52970902 -0.367614 -0.520263
7775 46644779 -1.783447 0.2106933
23596 141571500 1.9108886 -1.244140
24974 149843487 1.1462402 -0.072280
23760 142556777 -2.286621 2.3735351
23816 142894141 0.0599746 0.4782714
16845 101065776 -1.317382 0.4766235
24829 148972612 0.4263305 1.5605468
17525 105146673 1.8632812 -0.928710
16285 97706537 1.5969238 -2.583007
15344 92062161 -0.120361 0.5173339
10645 63869723 -0.868652 0.9936523
15059 90352020 1.0380859 -1.635009
12661 75963492 -0.019763 2.8496093
16392 98346006 0.5892333 -2.424316
23705 142225763 1.8303222 -1.434814
26447 158676827 -1.794433 -2.372558
23829 142972203 -0.217407 -0.451965
23830 142979937 -0.611450 3.0976562
5717 34297675 1.7429199 0.9193115
23877 143261618 2.0073242 1.8479003
4414 26479753 -1.420654 1.2517089
6123 36736005 1.4042968 2.6079101
4839 29032633 0.1838989 0.0097103
4519 27108122 -1.439941 2.8339843
6951 41703409 -1.279296 1.7412109
6484 38901572 0.1991577 2.4008789
4704 28223044 1.6884765 0.0085926
4883 29294192 1.0429687 2.7504882
17595 105567039 0.7707519 0.8852539
5050 30297674 0.8911132 1.5102539
17467 104796738 -0.536132 0.2907714
5075 30447090 -0.422424 -2.078613
5139 30829789 -0.672363 -1.526611
5537 33216424 1.3903808 -1.707031
5289 31728824 0.1607360 2.7250976
17456 104730896 0.6159667 0.1424865
5221 31322449 0.2688598 -1.255371
5471 32820337 -1.572021 0.5086669
14631 87785573 -1.394287 -1.391357
5386 32313123 0.9638671 -2.997558
5474 32840878 0.1152191 1.6511230
5935 35605500 -0.137481 1.4245605
5575 33449810 0.0173683 -1.392089
5531 33180104 -0.516967 1.4003906
5587 33521421 0.2033691 -1.773437
5527 33156615 1.2050781 0.2164001
5528 33166838 -0.478393 2.2441406
6237 37420824 0.3530883 0.0219078
16960 101755761 -0.167694 -1.611572
7212 43266077 1.7988281 -0.679321
8530 51176320 1.6542968 -2.640136
8530 51177817 2.4462890 -2.032226
7289 43729421 1.3188476 -0.749145
23822 142926311 2.4482421 -0.057182
24740 148436714 -0.967529 1.3168945
24740 148437362 0.8747558 1.2512207
10122 60728689 -1.645996 -2.657226
15135 90806927 -1.647460 0.9810791
19026 114153704 0.3312988 -1.876708
26258 157547212 -1.749511 1.9628906
10788 64723703 2.1088867 -2.786132
13536 81214917 1.8393554 -2.844238
22365 134185928 -0.168609 -1.514892
22612 135671523 -0.609741 2.8583984
10541 63243365 0.2835083 1.2399902
10250 61496293 2.1284179 1.7084960
11942 71646894 -0.204193 1.0988769
10283 61694405 1.1411132 1.0588378
10436 62615471 -0.167755 2.3139648
10444 62661863 -0.565429 -1.723144
13845 83066273 -1.364013 2.6591796
15622 93727139 -1.340087 -1.551025
13809 82853754 -0.466979 -3.095703
11574 69443215 1.3723144 -0.819580
26455 158724446 0.3366699 -1.155517
26455 158729955 -2.096679 0.2583618
22800 136794545 -1.186523 -1.618408
11679 70068149 2.4741210 -2.445312
19510 117057995 -1.054931 0.4533691
2364 14182951 2.4453125 -1.703857
17079 102473299 1.203125 -0.452819
19459 116750886 0.9549560 -1.525390
21476 128853949 1.5854492 -0.441040
2294 13763831 0.1158294 -0.029769
2683 16095929 0.0653686 0.0570983
4547 27277658 2.1850585 -0.128387
4098 24583402 0.6030273 0.9213867
2422 14527989 -1.441894 2.4892578
1334 7999624 -1.034423 -0.059539
8586 51513522 -1.313232 2.2270507
16981 101880187 -0.991699 -1.5
23808 142842447 -0.972412 -2.582519
8184 49100717 0.7962646 -1.983886
8575 51445931 -0.579467 1.3305664
2583 15494370 0.2700195 -0.354064
8118 48707265 1.1809082 -2.003906
21743 130452767 0.6228027 -1.302001
11095 66564074 0.0722351 0.3998413
11232 67387603 0.0342178 -2.145507
18560 111356955 1.0090332 2.7441406
12989 77930261 0.7233886 -0.606567
22419 134509617 1.8015136 -1.942626
19693 118154340 -0.889404 0.5112304
19015 114085192 0.7657470 0.3298339
19750 118497815 0.5334472 1.9055175
22029 132170503 0.84375 2.5805664
19597 117578060 -0.081314 0.0906524
22083 132497942 -0.920776 2.3857421
19735 118406339 -0.453125 -3.116699
19782 118691266 -1.077148 2.6997070
19719 118313438 -2.000976 1.6762695
10011 60063320 1.0251464 -0.700805
9963 59776305 -2.447753 -0.568725
907 5437705 0.3340454 -0.535644
5029 30173931 0.1828918 2.7250976
20988 125922380 0.9311523 1.5063476
21267 127600244 0.9598388 -2.369140
1362 8169973 1.1533203 1.0024414
3119 18711699 1.9921875 0.6527099
1731 10380249 -0.978271 2.5390625
3978 23865446 0.2109985 2.9213867
3606 21630953 -1.581542 -0.440856
3606 21632744 2.4794921 -1.707763
3607 21638965 2.3627929 -2.759765
3638 21827131 -0.393859 0.8426513
17299 103788145 0.7161865 -0.752319
17299 103788485 -0.088043 0.3468627
14797 88778448 -0.298034 -2.199218
11339 68031681 -1.668701 2.1738281
19426 116552058 1.1508789 -3.022949
15799 94789105 -1.352050 -1.956787
22863 137173254 -1.603271 1.8171386
22563 135377191 -1.432373 -1.689941
19439 116633451 -0.343872 -0.539306
15623 93737653 -1.914062 2.9931640
15863 95177709 -1.660156 -2.115234
12589 75529406 1.9196777 2.7011718
14506 87034143 0.7302246 -1.735351
12056 72331795 1.2773437 -1.758056
14157 84940492 0.7838134 -0.215209
14533 87194870 -1.080322 2.7719726
18072 108426516 0.4923095 -1.695800
18952 113710195 -1.315917 0.8510742
18474 110842232 1.5900878 -0.330139
19683 118096034 -0.416870 1.2221679
22040 132238666 -1.318603 -0.583984
21185 127105886 -0.678344 1.8942871
21188 127125340 1.2866210 -2.618652
394 2363330 -1.668701 -1.966796
395 2364620 0.8022460 -1.630615
2270 13617985 -1.438232 0.2147521
16479 98872091 0.1900329 3.0151367
8746 52471213 -0.762451 -2.128906
5579 33473997 -1.937255 -1.709960
24357 146140021 1.1914062 -1.427734
15491 92941586 0.9910888 2.3417968
15491 92943273 0.2440490 -1.929931
22028 132166666 0.0543670 -0.280334
22576 135452911 0.2260437 -0.708618
17745 106467114 -0.542602 -1.034667
18103 108612734 -0.452514 1.5993652
14141 84844387 1.1330566 1.2832031
9723 58334615 2.1958007 -1.140625
18255 109527478 -1.056640 -0.279479
5663 33975340 -1.791503 -1.148681
18469 110812262 0.3508911 -0.606079
9659 57951225 -0.499938 -0.025421
12405 74426309 1.4167480 2.9277343
12859 77150955 1.7878418 -2.310058
14977 89858501 -1.815917 3.0170898
20169 121010858 -1.720214 -0.202423
21263 127577328 0.5074462 1.0581054
11881 71284577 -1.400878 -1.658447
11881 71284831 -1.824462 -2.155761
15965 95784997 -1.269775 2.5097656
19608 117646802 0.0518798 -0.666870
19628 117767149 -0.490478 -1.427490
19388 116324455 -2.289062 0.6131591
25032 150188749 -0.248199 1.4851074
25087 150520512 -0.702758 -1.139892
21910 131459363 -1.834472 -1.383544
25416 152494473 0.7003173 1.4953613
25994 155962213 0.7694091 -0.984130
25670 154014793 -1.429687 -2.353027
25548 153286273 -0.395202 1.2197265
21969 131811919 0.6890869 0.2576904
25225 151346249 -0.968994 -2.256347
25968 155803492 -0.190460 -0.330688
6992 41949743 1.3254394 -2.150390
25405 152428905 2.1865234 -1.205810
4470 26815713 0.2721557 2.2231445
1348 8082236 -1.615966 2.2563476
20510 123054794 2.2246093 1.734375
2324 13940242 1.2316894 3.0698242
2591 15543988 1.3522949 0.1457519
4920 29516235 1.1572265 1.2375488
4407 26436716 2.1503906 0.6824951
8480 50875537 -0.523559 2.7758789
15556 93330073 1.0463867 -0.493164
5788 34723225 0.1764526 -2.497558
5700 34197580 0.2548828 -1.651855
18665 111985490 0.9704589 0.6870117
17043 102253792 -0.683837 2.5917968
12451 74702883 0.1671752 -2.102539
14168 85004989 -2.135253 -1.000488
14649 87892552 -0.022575 -2.919433
9599 57591660 -2.014160 0.6972656
9624 57738229 -1.345703 -0.998046
15328 91965053 0.3483276 2.3461914
19398 116383605 -1.156005 1.3908691
19913 119475317 2.0541992 -0.998901
26453 158716594 -0.474487 1.9543457
15535 93207272 1.2712402 1.6408691
10685 64106925 0.5245361 1.3518066
11501 69002970 -0.018718 1.7956543
26629 159774000 0.1966857 0.0221405
14655 87925294 -1.719970 0.2788696
12420 74519088 0.5654296 -0.318725
18131 108785874 2.3955078 -0.496276
18205 109224766 -0.190307 2.3916015
18490 110938093 0.5301513 1.5617675
15536 93211684 0.2043457 2.0522460
22162 132967879 0.1018676 1.6242675
22469 134808972 1.0942382 1.2658691
22469 134810568 2.1411132 -1.165283
22564 135380308 0.6552734 -1.191406
22564 135380522 0.4400634 0.9283447
26430 158574016 1.0104980 -1.915771
22492 134946654 1.9980468 -1.892333
26231 157385945 1.6704101 0.8505859
19740 118438158 -2.132324 -0.864379
22219 133312342 2.0234375 -2.700195
26137 156820086 0.1713562 -2.104492
22265 133588575 0.9539794 -2.795898
179 1068479 0.2731323 1.7949218
189 1132026 1.6003418 0.0358428
16010 96058600 -1.682861 0.3182983
24585 147508921 0.1069641 -2.181152
1103 6615054 1.9079589 1.0407714
1132 6788146 0.6240234 1.2531738
7028 42165541 1.6635742 -1.124267
7332 43988714 -0.799194 -0.814941
7312 43868783 -0.227783 1.5205078
23949 143692540 1.3786621 1.1335449
9063 54376206 -1.430664 -0.933105
9150 54898203 -2.142089 0.6375732
3230 19374484 1.4228515 -2.120117
8546 51271725 -2.312988 0.6143798
4190 25134772 2.0795898 -3.09375
4983 29893430 -0.196960 -1.732910
3792 22751732 -1.761230 1.9907226
4650 27896629 -0.175567 -0.005455
18087 108518007 1.6359863 -1.715820
7456 44735447 1.2429199 -1.280517
5183 31094866 -0.319580 2.1201171
7059 42350232 0.0352554 -0.667114
17827 106957360 2.1108398 2.6508789
7244 43460823 -1.935791 -2.745605
12768 76607078 -0.640869 -1.771240
14062 84370313 0.4998779 -2.712890
12090 72536850 2.0825195 1.3107910
12090 72538947 -0.219146 -0.668823
9425 56546326 0.2799072 -0.514404
24003 144014329 0.6445312 0.9851074
23322 139931593 2.1230468 -2.231933
7845 47069392 0.2001342 2.9545898
7700 46198849 0.1437377 -0.848266
15078 90462668 -0.307189 0.6940917
7458 44743031 -0.641845 1.0273437
7458 44744677 -1.309082 -0.984008
7851 47103815 2.4785156 -1.953857
23215 139285251 -1.086669 -1.119628
11646 69874870 -0.112960 -1.011474
12014 72080093 1.4243164 1.5876464
24033 144194980 0.0545120 -1.779785
26501 159002730 -0.165496 2.8286132
26507 159037179 0.8664550 2.4184570
15786 94713162 -1.935791 0.5549316
19995 119966762 0.2356872 0.7319335
22968 137802403 0.0580368 -2.816406
19867 119197342 -0.891845 -3.038085
22493 134956862 0.8950195 -2.971679
15665 93987181 -1.659667 -2.985351
25469 152813090 -2.150390 2.5341796
25183 151095780 -0.731933 -0.800537
22499 134993147 -1.710449 -2.341308
24252 145508788 -0.375122 -2.417968
23765 142587025 -1.921386 2.6264648
24978 149862904 -1.434814 -1.961181
26429 158568147 1.2094726 0.0922393
26326 157953412 0.7595214 -2.866699
